48, 34, 15, 16, 1002, 1.507930, 5.249331, 15.064732, 0.013450, 0.061088, 0.176014, 0.374094, 0.472343, 0.617539, 24.000000, 29.600000, 33.000000
48, 34, 29, 16, 1002, 0.450398, 4.896749, 34.944592, 0.007475, 0.222587, 0.622545, 0.394296, 0.481841, 0.637945, 24.000000, 27.600000, 33.000000
48, 35, 1, 16, 1002, 1.348511, 5.227821, 13.161022, 0.016266, 0.073731, 0.149830, 0.372156, 0.474902, 0.583053, 20.000000, 29.200000, 35.000000
48, 35, 15, 16, 1002, 2.077735, 6.501356, 18.847527, 0.023515, 0.649664, 1.846908, 0.384808, 0.460176, 0.530252, 30.000000, 33.200000, 39.000000
48, 35, 29, 16, 1002, 1.064215, 4.399064, 10.818821, 0.020052, 0.142608, 0.364572, 0.379910, 0.484296, 0.637945, 24.000000, 30.200000, 35.000000
48, 36, 1, 16, 1002, 0.878532, 5.152676, 13.127211, 0.012397, 0.074015, 0.255031, 0.372666, 0.493014, 0.632691, 22.000000, 25.400000, 31.000000
48, 36, 15, 16, 1002, 1.139351, 4.964498, 9.576292, 0.040485, 0.596032, 2.330092, 0.387154, 0.461566, 0.627538, 30.000000, 32.400000, 35.000000
48, 36, 29, 16, 1002, 1.280159, 6.748910, 16.693176, 0.029348, 0.176420, 0.670362, 0.381339, 0.445398, 0.555556, 29.000000, 31.400000, 36.000000
48, 37, 1, 16, 1002, 0.909948, 5.422659, 10.317510, 0.018064, 0.074200, 0.111845, 0.376900, 0.489366, 0.637945, 24.000000, 25.800000, 29.000000
48, 37, 15, 16, 1002, 2.509634, 7.843083, 29.793915, 0.015472, 0.223739, 1.730810, 0.380216, 0.445517, 0.506173, 28.000000, 32.200000, 37.000000
48, 37, 29, 16, 1002, 2.184393, 5.592790, 44.301636, 0.011010, 0.096751, 0.224571, 0.386440, 0.465720, 0.555556, 29.000000, 31.600000, 35.000000
48, 38, 1, 16, 1002, 1.423803, 3.976148, 19.154625, 0.020076, 0.043839, 0.084418, 0.380522, 0.496391, 0.581624, 19.000000, 25.800000, 38.000000
48, 38, 15, 16, 1002, 0.751851, 5.454479, 19.045845, 0.022704, 0.139817, 0.281843, 0.383685, 0.473924, 0.603000, 18.000000, 27.800000, 35.000000
48, 38, 29, 16, 1002, 1.774829, 7.183143, 22.724770, 0.006788, 0.106837, 0.378199, 0.374503, 0.467001, 0.603306, 23.000000, 28.600000, 34.000000
48, 39, 1, 16, 1002, 1.978398, 5.616079, 17.170897, 0.012745, 0.394289, 0.778461, 0.372003, 0.468913, 0.550250, 26.000000, 30.200000, 34.000000
48, 39, 15, 16, 1002, 1.620391, 5.125739, 13.099189, 0.017874, 0.161224, 1.469494, 0.373890, 0.460414, 0.584532, 29.000000, 32.400000, 35.000000
48, 39, 29, 16, 1002, 1.467943, 5.643118, 11.907568, 0.006268, 0.250478, 1.580530, 0.378380, 0.482629, 0.637945, 24.000000, 26.600000, 30.000000
48, 40, 1, 16, 1002, 1.763950, 7.388968, 26.893717, 0.018944, 0.153106, 0.401152, 0.386542, 0.448821, 0.637945, 31.000000, 32.200000, 34.000000
48, 40, 15, 16, 1002, 1.704133, 7.012937, 17.956879, 0.007165, 0.230313, 2.579365, 0.374350, 0.473066, 0.589991, 24.000000, 28.000000, 31.000000
48, 40, 29, 16, 1002, 1.122376, 5.311885, 13.444172, 0.040323, 0.263695, 2.597935, 0.380267, 0.468066, 0.598765, 23.000000, 29.000000, 38.000000
48, 41, 1, 16, 1002, 2.407855, 7.245912, 18.182962, 0.020446, 0.186930, 0.766034, 0.380369, 0.466246, 0.542904, 26.000000, 31.000000, 36.000000
48, 41, 15, 16, 1002, 1.305359, 7.132852, 33.517578, 0.011039, 0.180951, 1.408670, 0.374656, 0.463432, 0.627538, 25.000000, 30.000000, 35.000000
48, 41, 29, 16, 1002, 0.643616, 6.817507, 20.313307, 0.019373, 0.107333, 0.230388, 0.392256, 0.484743, 0.643302, 24.000000, 28.400000, 31.000000
48, 42, 1, 16, 1002, 1.809566, 5.651355, 15.631720, 0.003441, 0.182282, 0.787484, 0.374043, 0.463104, 0.543006, 27.000000, 29.000000, 33.000000
48, 42, 15, 16, 1002, 0.445987, 5.442102, 13.883539, 0.038622, 0.185787, 0.388080, 0.385726, 0.492945, 0.654321, 20.000000, 26.400000, 36.000000
48, 42, 29, 16, 1002, 0.665924, 5.924386, 17.145481, 0.007130, 0.132384, 0.501990, 0.373176, 0.449280, 0.617539, 25.000000, 32.000000, 37.000000
48, 43, 1, 16, 1002, 1.606877, 4.741191, 13.926567, 0.023041, 0.284690, 1.323284, 0.372564, 0.499890, 0.627487, 18.000000, 26.600000, 32.000000
48, 43, 15, 16, 1002, 1.030264, 6.711417, 21.081678, 0.020858, 0.347055, 2.007379, 0.382155, 0.469830, 0.607948, 24.000000, 30.000000, 34.000000
48, 43, 29, 16, 1002, 1.637652, 6.846976, 18.753571, 0.018915, 0.137621, 0.634171, 0.381594, 0.460409, 0.577594, 29.000000, 31.400000, 36.000000
48, 44, 1, 16, 1002, 0.930044, 6.598788, 44.186874, 0.010006, 0.127406, 0.475403, 0.377053, 0.463851, 0.573666, 22.000000, 29.800000, 35.000000
48, 44, 15, 16, 1002, 1.496004, 4.215172, 13.150232, 0.008284, 0.027481, 0.050080, 0.374860, 0.513555, 0.643302, 13.000000, 23.800000, 33.000000
48, 44, 29, 16, 1002, 2.049602, 6.213847, 22.156586, 0.020307, 0.232318, 1.242870, 0.379451, 0.482131, 0.594327, 23.000000, 26.800000, 34.000000
48, 45, 1, 16, 1002, 0.397579, 6.157598, 34.917957, 0.003949, 0.133788, 0.433959, 0.372309, 0.491171, 0.612693, 20.000000, 26.600000, 33.000000
48, 45, 15, 16, 1002, 1.155389, 5.969762, 19.023590, 0.016305, 0.450832, 2.148285, 0.381645, 0.459778, 0.612386, 21.000000, 28.600000, 32.000000
48, 45, 29, 16, 1002, 1.135779, 5.628124, 15.300035, 0.019196, 0.312194, 1.086131, 0.378635, 0.458081, 0.637945, 24.000000, 30.000000, 33.000000
48, 46, 1, 16, 1002, 0.574332, 6.289029, 25.562296, 0.009166, 0.079514, 0.166802, 0.377206, 0.497273, 0.637945, 21.000000, 26.200000, 32.000000
48, 46, 15, 16, 1002, 1.147248, 5.261879, 68.031425, 0.037222, 0.123241, 0.341260, 0.377768, 0.461978, 0.567085, 28.000000, 31.200000, 32.000000
48, 46, 29, 16, 1002, 1.012210, 6.691695, 29.852339, 0.032049, 0.159641, 0.760744, 0.378431, 0.440555, 0.584532, 26.000000, 31.000000, 34.000000
48, 47, 1, 16, 1002, 1.455071, 6.037665, 18.081131, 0.028028, 0.222914, 0.518202, 0.387614, 0.479820, 0.622487, 16.000000, 27.200000, 35.000000
48, 47, 15, 16, 1002, 0.446775, 5.697465, 21.547470, 0.037291, 0.791591, 2.686803, 0.388379, 0.498969, 0.637945, 12.000000, 25.400000, 33.000000
48, 47, 29, 16, 1002, 0.341129, 6.025084, 15.123611, 0.007812, 0.117699, 0.594277, 0.374401, 0.470002, 0.632691, 25.000000, 28.200000, 32.000000
48, 48, 1, 16, 1002, 0.395110, 4.786519, 25.613970, 0.027859, 0.116153, 0.281582, 0.376849, 0.498074, 0.637945, 21.000000, 25.200000, 29.000000
48, 48, 15, 16, 1002, 0.581912, 5.945145, 15.874004, 0.014742, 0.277860, 1.160468, 0.375064, 0.472081, 0.632691, 25.000000, 29.200000, 38.000000
48, 48, 29, 16, 1002, 1.114591, 6.273882, 16.532972, 0.021701, 0.269581, 1.693844, 0.379502, 0.458655, 0.581624, 27.000000, 29.800000, 32.000000
3, 1, 1, 64, 2, 41.212116, 176.758682, 1044.018066, 0.000750, 0.010674, 0.035057, 0.454545, 0.492778, 0.648913, 0.000000, 0.000000, 0.000000
3, 1, 15, 64, 2, 41.212116, 165.822067, 1237.638550, 0.000667, 0.012473, 0.035057, 0.454545, 0.491544, 0.585246, 0.000000, 0.000000, 0.000000
3, 1, 29, 64, 2, 41.212116, 147.245880, 950.405579, 0.000750, 0.012052, 0.035057, 0.454494, 0.487034, 0.569840, 0.000000, 0.000000, 0.000000
3, 2, 1, 64, 2, 10.317633, 158.755783, 996.250305, 0.001190, 0.020266, 0.090482, 0.456943, 0.533640, 0.643302, 0.000000, 0.000000, 0.000000
3, 2, 15, 64, 2, 12.316963, 218.634781, 2098.422119, 0.000548, 0.015618, 0.043221, 0.456943, 0.540881, 0.648760, 0.000000, 0.000000, 0.000000
3, 2, 29, 64, 2, 10.317633, 139.131973, 1481.744263, 0.000592, 0.020797, 0.090482, 0.456943, 0.538755, 0.648760, 0.000000, 0.000000, 0.000000
3, 3, 1, 64, 2, 10.831938, 113.572685, 1583.824829, 0.000552, 0.021380, 0.113493, 0.456586, 0.547074, 0.637945, 0.000000, 0.200000, 1.000000
3, 3, 15, 64, 2, 12.221151, 138.919540, 1823.584473, 0.000573, 0.015197, 0.055270, 0.460157, 0.541634, 0.637945, 0.000000, 0.000000, 0.000000
3, 3, 29, 64, 2, 12.221151, 109.067719, 394.523987, 0.001774, 0.012990, 0.055270, 0.456688, 0.539659, 0.637945, 0.000000, 0.000000, 0.000000
18, 1, 1, 64, 2, 15.223003, 25.234821, 63.687134, 0.001829, 0.009067, 0.021617, 0.380982, 0.389723, 0.401847, 0.000000, 0.000000, 0.000000
18, 1, 15, 64, 2, 15.223003, 26.377939, 64.257996, 0.002383, 0.008699, 0.023513, 0.383634, 0.391461, 0.411132, 0.000000, 0.000000, 0.000000
18, 1, 29, 64, 2, 15.223003, 26.379597, 77.246239, 0.002271, 0.008904, 0.027235, 0.380982, 0.389557, 0.403326, 0.000000, 0.000000, 0.000000
18, 5, 1, 64, 2, 11.273714, 30.574780, 202.060760, 0.001120, 0.034359, 0.197979, 0.384910, 0.413311, 0.445924, 0.000000, 0.000000, 0.000000
18, 5, 15, 64, 2, 9.335363, 27.714499, 109.391602, 0.001709, 0.027967, 0.248716, 0.382971, 0.408813, 0.457810, 0.000000, 0.200000, 1.000000
18, 5, 29, 64, 2, 8.857208, 24.959545, 66.665955, 0.001770, 0.029953, 0.151800, 0.383175, 0.408245, 0.467299, 0.000000, 0.000000, 0.000000
18, 9, 1, 64, 2, 6.165440, 22.141459, 65.913803, 0.001478, 0.063906, 0.549684, 0.384706, 0.432428, 0.496888, 0.000000, 0.000000, 0.000000
18, 9, 15, 64, 2, 4.893036, 24.807043, 73.437798, 0.002468, 0.043603, 0.250768, 0.384961, 0.431095, 0.500663, 0.000000, 0.000000, 0.000000
18, 9, 29, 64, 2, 5.325241, 24.441441, 88.724167, 0.003460, 0.048283, 0.250768, 0.385318, 0.429630, 0.496888, 0.000000, 0.000000, 0.000000
18, 13, 1, 64, 2, 2.833961, 19.328714, 57.267464, 0.004515, 0.090013, 0.315867, 0.383991, 0.456087, 0.526987, 1.000000, 0.200000, 1.000000
18, 13, 15, 64, 2, 7.342431, 22.950655, 198.362961, 0.006647, 0.053590, 0.272614, 0.386389, 0.446420, 0.541832, 0.000000, 0.000000, 0.000000
18, 13, 29, 64, 2, 7.617073, 21.083794, 65.661453, 0.002864, 0.066457, 0.823963, 0.385216, 0.437866, 0.541832, 0.000000, 0.000000, 0.000000
18, 17, 1, 64, 2, 2.194538, 19.520739, 72.791870, 0.004720, 0.046854, 0.237963, 0.381645, 0.466635, 0.637945, 0.000000, 0.000000, 0.000000
18, 17, 15, 64, 2, 3.037230, 18.650356, 51.244099, 0.002932, 0.041550, 0.237963, 0.381645, 0.465012, 0.637945, 0.000000, 0.000000, 0.000000
18, 17, 29, 64, 2, 2.755805, 20.118450, 89.571983, 0.003743, 0.060023, 0.501946, 0.384195, 0.472619, 0.619835, 0.000000, 0.000000, 0.000000
33, 1, 1, 64, 2, 8.913224, 13.813983, 33.476128, 0.001713, 0.012362, 0.037917, 0.373482, 0.378879, 0.389348, 0.000000, 0.200000, 1.000000
33, 1, 15, 64, 2, 8.913224, 13.622050, 27.169239, 0.001972, 0.012576, 0.037917, 0.373482, 0.379078, 0.389756, 0.000000, 0.200000, 1.000000
33, 1, 29, 64, 2, 9.646708, 14.109926, 32.145840, 0.002129, 0.011457, 0.039106, 0.375166, 0.378527, 0.388277, 0.000000, 0.000000, 0.000000
33, 9, 1, 64, 2, 4.554987, 13.226805, 94.942238, 0.002051, 0.078742, 0.773196, 0.376135, 0.403328, 0.443067, 0.000000, 0.200000, 1.000000
33, 9, 15, 64, 2, 5.050826, 12.343760, 28.314878, 0.010542, 0.084867, 0.664694, 0.381135, 0.403961, 0.443577, 1.000000, 0.200000, 1.000000
33, 9, 29, 64, 2, 4.813905, 12.494722, 29.820980, 0.010290, 0.082031, 0.529339, 0.385114, 0.406541, 0.443067, 0.000000, 0.000000, 0.000000
33, 17, 1, 64, 2, 2.841341, 10.833903, 54.348278, 0.006518, 0.146344, 1.225429, 0.379655, 0.433243, 0.538567, 0.000000, 0.200000, 1.000000
33, 17, 15, 64, 2, 2.650874, 12.478544, 72.114044, 0.008894, 0.112704, 0.767354, 0.378227, 0.422458, 0.492603, 0.000000, 0.000000, 0.000000
33, 17, 29, 64, 2, 3.474012, 11.567120, 60.523857, 0.003687, 0.099098, 0.767354, 0.376033, 0.424677, 0.505408, 0.000000, 0.200000, 1.000000
33, 25, 1, 64, 2, 3.680039, 10.855109, 25.559462, 0.010901, 0.124058, 0.868599, 0.378227, 0.445972, 0.526987, 0.000000, 0.000000, 0.000000
33, 25, 15, 64, 2, 2.300955, 11.792734, 118.692604, 0.004133, 0.108968, 0.874407, 0.377206, 0.435747, 0.538312, 0.000000, 0.200000, 1.000000
33, 25, 29, 64, 2, 1.762845, 10.062469, 62.814945, 0.007924, 0.107795, 1.285361, 0.378941, 0.434110, 0.507346, 0.000000, 0.000000, 0.000000
33, 33, 1, 64, 2, 0.551970, 10.091040, 56.812096, 0.006519, 0.149229, 1.032134, 0.380982, 0.469950, 0.627538, 0.000000, 0.200000, 1.000000
33, 33, 15, 64, 2, 0.551970, 9.498616, 47.881893, 0.005171, 0.188735, 1.727404, 0.377257, 0.466144, 0.617539, 0.000000, 0.000000, 0.000000
33, 33, 29, 64, 2, 0.551970, 10.618454, 69.524963, 0.009744, 0.159981, 0.963537, 0.378890, 0.483606, 0.643302, 0.000000, 0.200000, 1.000000
48, 1, 1, 64, 2, 6.666615, 8.662950, 27.687111, 0.003732, 0.016167, 0.036765, 0.371697, 0.374654, 0.381696, 1.000000, 0.400000, 1.000000
48, 1, 15, 64, 2, 6.411732, 8.748763, 17.006830, 0.002322, 0.015988, 0.044223, 0.371646, 0.374708, 0.378227, 0.000000, 0.200000, 1.000000
48, 1, 29, 64, 2, 6.151467, 8.906272, 25.231445, 0.002616, 0.015313, 0.047122, 0.371187, 0.374992, 0.384502, 0.000000, 0.400000, 1.000000
48, 12, 1, 64, 2, 3.090628, 8.627474, 22.811758, 0.007218, 0.110595, 1.106278, 0.373431, 0.395486, 0.432813, 0.000000, 0.400000, 1.000000
48, 12, 15, 64, 2, 3.498754, 9.793049, 36.399529, 0.005811, 0.072880, 1.085368, 0.371952, 0.393313, 0.419651, 1.000000, 0.400000, 1.000000
48, 12, 29, 64, 2, 3.341404, 9.069552, 49.101536, 0.005102, 0.087046, 0.365161, 0.371034, 0.395777, 0.430772, 0.000000, 0.200000, 1.000000
48, 23, 1, 64, 2, 2.483747, 6.976441, 42.672073, 0.010356, 0.156080, 0.657900, 0.375064, 0.418879, 0.500663, 0.000000, 0.400000, 1.000000
48, 23, 15, 64, 2, 2.192986, 7.606461, 42.672073, 0.010361, 0.150533, 2.159669, 0.372666, 0.415349, 0.456943, 0.000000, 0.200000, 1.000000
48, 23, 29, 64, 2, 2.501012, 7.550012, 33.216251, 0.006499, 0.144246, 2.159669, 0.372666, 0.414488, 0.480614, 0.000000, 0.400000, 1.000000
48, 34, 1, 64, 2, 1.460008, 6.579839, 25.727261, 0.015663, 0.268595, 1.652885, 0.373380, 0.451984, 0.547597, 0.000000, 0.200000, 1.000000
48, 34, 15, 64, 2, 1.711894, 6.833781, 22.202169, 0.005539, 0.163219, 1.558069, 0.373278, 0.438234, 0.543108, 1.000000, 0.400000, 1.000000
48, 34, 29, 64, 2, 1.045640, 6.617043, 17.790445, 0.004308, 0.227639, 4.647486, 0.374860, 0.444781, 0.573666, 0.000000, 0.200000, 1.000000
48, 45, 1, 64, 2, 1.702580, 6.024312, 16.371096, 0.006806, 0.255982, 1.713183, 0.376237, 0.454793, 0.648760, 0.000000, 0.200000, 1.000000
48, 45, 15, 64, 2, 1.789038, 6.756341, 30.793234, 0.007231, 0.315060, 1.492403, 0.373992, 0.458936, 0.598765, 1.000000, 0.400000, 1.000000
48, 45, 29, 64, 2, 0.601988, 5.617875, 19.328451, 0.008763, 0.242643, 1.406600, 0.373125, 0.462703, 0.607489, 0.000000, 0.200000, 1.000000
3, 1, 1, 64, 502, 39.811661, 136.508942, 866.281921, 0.000554, 0.011638, 0.040459, 0.455362, 0.492879, 0.637945, 0.000000, 0.600000, 1.000000
3, 1, 15, 64, 502, 29.460867, 154.037338, 1524.135742, 0.000198, 0.011345, 0.036622, 0.455362, 0.489280, 0.637945, 1.000000, 0.800000, 1.000000
3, 1, 29, 64, 502, 39.736053, 153.896805, 1772.921265, 0.000406, 0.011542, 0.037450, 0.455923, 0.486707, 0.632691, 1.000000, 0.800000, 1.000000
3, 2, 1, 64, 502, 14.102077, 97.822601, 1333.663696, 0.000600, 0.017001, 0.098982, 0.456127, 0.562461, 0.654321, 0.000000, 0.600000, 1.000000
3, 2, 15, 64, 502, 16.343191, 92.232475, 906.835999, 0.001196, 0.014428, 0.047374, 0.454903, 0.561904, 0.648760, 1.000000, 0.800000, 1.000000
3, 2, 29, 64, 502, 12.094616, 121.385300, 1450.851929, 0.000715, 0.019921, 0.065040, 0.456076, 0.570768, 0.637945, 1.000000, 1.000000, 1.000000
3, 3, 1, 64, 502, 13.423016, 87.614479, 463.325287, 0.001363, 0.020963, 0.093435, 0.454545, 0.563916, 0.648760, 0.000000, 0.600000, 1.000000
3, 3, 15, 64, 502, 16.087133, 101.734825, 696.494751, 0.001393, 0.019686, 0.074923, 0.454647, 0.585210, 0.648760, 1.000000, 1.000000, 1.000000
3, 3, 29, 64, 502, 15.518540, 106.029724, 741.514954, 0.001273, 0.019650, 0.068363, 0.454035, 0.596177, 0.637945, 1.000000, 1.200000, 2.000000
18, 1, 1, 64, 502, 14.718957, 27.035944, 150.198318, 0.001124, 0.009326, 0.029894, 0.380879, 0.392097, 0.408275, 6.000000, 6.200000, 7.000000
18, 1, 15, 64, 502, 15.619849, 24.659420, 63.320454, 0.001958, 0.010135, 0.032065, 0.381441, 0.391214, 0.458474, 6.000000, 6.400000, 7.000000
18, 1, 29, 64, 502, 14.794166, 22.524395, 54.293823, 0.002094, 0.014662, 0.032456, 0.382155, 0.390635, 0.406744, 6.000000, 6.200000, 7.000000
18, 5, 1, 64, 502, 1.125706, 8.643038, 93.382278, 0.007019, 0.218523, 0.485565, 0.391644, 0.515843, 0.637945, 4.000000, 4.800000, 5.000000
18, 5, 15, 64, 502, 1.391392, 11.041761, 79.736015, 0.003345, 0.048460, 0.148433, 0.384706, 0.516178, 0.637945, 4.000000, 4.600000, 5.000000
18, 5, 29, 64, 502, 1.661544, 19.300428, 102.175125, 0.001982, 0.065448, 0.722643, 0.381594, 0.501324, 0.643302, 3.000000, 4.800000, 6.000000
18, 9, 1, 64, 502, 2.029501, 12.613506, 143.084427, 0.002481, 0.191344, 0.656686, 0.386899, 0.477762, 0.637945, 5.000000, 5.000000, 5.000000
18, 9, 15, 64, 502, 0.927805, 11.570194, 56.394260, 0.016373, 0.088123, 0.600487, 0.398327, 0.515134, 0.637945, 4.000000, 4.400000, 5.000000
18, 9, 29, 64, 502, 0.738762, 14.945523, 66.651665, 0.004618, 0.077979, 0.721434, 0.382410, 0.509485, 0.637945, 4.000000, 4.600000, 6.000000
18, 13, 1, 64, 502, 0.523324, 8.383219, 63.743042, 0.006425, 0.053460, 0.119838, 0.389552, 0.514146, 0.654321, 4.000000, 4.400000, 5.000000
18, 13, 15, 64, 502, 0.552075, 9.225453, 71.266197, 0.008219, 0.052325, 0.220886, 0.391746, 0.540309, 0.665442, 4.000000, 4.200000, 5.000000
18, 13, 29, 64, 502, 0.764333, 11.761907, 71.977913, 0.009941, 0.087899, 0.320845, 0.394143, 0.531820, 0.648760, 4.000000, 4.400000, 5.000000
18, 17, 1, 64, 502, 0.844112, 10.979828, 98.970337, 0.004801, 0.024023, 0.042650, 0.389909, 0.554616, 0.648760, 3.000000, 3.800000, 4.000000
18, 17, 15, 64, 502, 0.545502, 8.924822, 48.207920, 0.002863, 0.029096, 0.089704, 0.386899, 0.547920, 0.643302, 3.000000, 4.000000, 5.000000
18, 17, 29, 64, 502, 0.500129, 11.442451, 115.429260, 0.021045, 0.294091, 1.064535, 0.390215, 0.535687, 0.654321, 3.000000, 4.000000, 5.000000
33, 1, 1, 64, 502, 7.914337, 11.802368, 29.985161, 0.001762, 0.015611, 0.040486, 0.374146, 0.378906, 0.392460, 29.000000, 29.800000, 30.000000
33, 1, 15, 64, 502, 8.438774, 11.647856, 20.222095, 0.002830, 0.017241, 0.040671, 0.374503, 0.379142, 0.390113, 29.000000, 29.400000, 30.000000
33, 1, 29, 64, 502, 9.131563, 12.378410, 37.460007, 0.002271, 0.014745, 0.043257, 0.374503, 0.380058, 0.391134, 29.000000, 29.800000, 30.000000
33, 9, 1, 64, 502, 0.585636, 6.067498, 48.937336, 0.006292, 0.074373, 0.238100, 0.375931, 0.535110, 0.648760, 12.000000, 15.600000, 22.000000
33, 9, 15, 64, 502, 0.652886, 5.117511, 79.348518, 0.013830, 0.136766, 0.617936, 0.378584, 0.524141, 0.665748, 15.000000, 17.600000, 21.000000
33, 9, 29, 64, 502, 0.321467, 6.014022, 80.928062, 0.017271, 0.108330, 0.710051, 0.382461, 0.561265, 0.648760, 13.000000, 14.600000, 16.000000
33, 17, 1, 64, 502, 0.338820, 6.258461, 25.960234, 0.014604, 0.062093, 0.170953, 0.379094, 0.536262, 0.665544, 14.000000, 15.800000, 19.000000
33, 17, 15, 64, 502, 0.238403, 6.352471, 39.752178, 0.014348, 0.059672, 0.135833, 0.379094, 0.516779, 0.643302, 14.000000, 17.800000, 22.000000
33, 17, 29, 64, 502, 0.471659, 7.387119, 59.187145, 0.009130, 0.082030, 0.258037, 0.381492, 0.528312, 0.654321, 14.000000, 15.800000, 18.000000
33, 25, 1, 64, 502, 0.368858, 5.425377, 23.276602, 0.013226, 0.189034, 1.446012, 0.389450, 0.555014, 0.659831, 13.000000, 14.800000, 17.000000
33, 25, 15, 64, 502, 0.261247, 4.964641, 33.829899, 0.025738, 0.080962, 0.276478, 0.377870, 0.549788, 0.648760, 14.000000, 15.200000, 18.000000
33, 25, 29, 64, 502, 0.455804, 5.351056, 64.561478, 0.005183, 0.077367, 0.428441, 0.384246, 0.566278, 0.659984, 13.000000, 14.400000, 17.000000
33, 33, 1, 64, 502, 0.455680, 6.320450, 51.684071, 0.005823, 0.095072, 0.560180, 0.379043, 0.557554, 0.659831, 12.000000, 13.800000, 16.000000
33, 33, 15, 64, 502, 0.200326, 3.899034, 18.470186, 0.017299, 0.065609, 0.207529, 0.377410, 0.550125, 0.648913, 13.000000, 14.400000, 18.000000
33, 33, 29, 64, 502, 0.441903, 5.300663, 33.975395, 0.012458, 0.062810, 0.420661, 0.379247, 0.539669, 0.648760, 12.000000, 14.200000, 17.000000
48, 1, 1, 64, 502, 5.829849, 8.032427, 13.772462, 0.003616, 0.020703, 0.059879, 0.371646, 0.374790, 0.378941, 86.000000, 86.600000, 87.000000
48, 1, 15, 64, 502, 6.024590, 8.096545, 26.781260, 0.002298, 0.018617, 0.049133, 0.372003, 0.374639, 0.387154, 86.000000, 87.000000, 88.000000
48, 1, 29, 64, 502, 5.980240, 7.786143, 11.166451, 0.004209, 0.018046, 0.054566, 0.371850, 0.374492, 0.378635, 86.000000, 86.400000, 87.000000
48, 12, 1, 64, 502, 0.192026, 4.702461, 54.627159, 0.024348, 0.078374, 0.171946, 0.376594, 0.531256, 0.665748, 39.000000, 47.400000, 58.000000
48, 12, 15, 64, 502, 0.185425, 3.426295, 14.401440, 0.030206, 0.122090, 0.356931, 0.378482, 0.539067, 0.671156, 36.000000, 45.600000, 57.000000
48, 12, 29, 64, 502, 0.384401, 5.147717, 15.628575, 0.010361, 0.159663, 0.614317, 0.373278, 0.484229, 0.637945, 44.000000, 56.400000, 70.000000
48, 23, 1, 64, 502, 0.248050, 2.539589, 13.366755, 0.014256, 0.098715, 0.262644, 0.375268, 0.553971, 0.648760, 31.000000, 39.800000, 49.000000
48, 23, 15, 64, 502, 0.208291, 3.683456, 15.540544, 0.010984, 0.174138, 0.750033, 0.372411, 0.556552, 0.643302, 36.000000, 39.800000, 45.000000
48, 23, 29, 64, 502, 0.237694, 3.507116, 13.779037, 0.017324, 0.354956, 1.583020, 0.374503, 0.533148, 0.648760, 36.000000, 43.200000, 51.000000
48, 34, 1, 64, 502, 0.272800, 2.931389, 15.225904, 0.028646, 0.135426, 0.317583, 0.378431, 0.550981, 0.648760, 24.000000, 37.400000, 51.000000
48, 34, 15, 64, 502, 0.213944, 4.494978, 43.807697, 0.009249, 0.084479, 0.184649, 0.374656, 0.540785, 0.643302, 33.000000, 40.600000, 53.000000
48, 34, 29, 64, 502, 0.120935, 1.947819, 22.775837, 0.018621, 0.105669, 0.338682, 0.378125, 0.578079, 0.648760, 22.000000, 33.200000, 42.000000
48, 45, 1, 64, 502, 0.256978, 2.911146, 22.002605, 0.027002, 0.144239, 0.454082, 0.380726, 0.578750, 0.665748, 28.000000, 34.200000, 40.000000
48, 45, 15, 64, 502, 0.310228, 3.668148, 52.605450, 0.026026, 0.133348, 0.254167, 0.379502, 0.533728, 0.648760, 38.000000, 40.000000, 42.000000
48, 45, 29, 64, 502, 0.135455, 2.717794, 17.422678, 0.013992, 0.093610, 0.228934, 0.376084, 0.583096, 0.654321, 28.000000, 31.600000, 40.000000
3, 1, 1, 64, 1002, 40.051640, 153.934860, 2347.705566, 0.000398, 0.014793, 0.039199, 0.454239, 0.494862, 0.648760, 1.000000, 1.200000, 2.000000
3, 1, 15, 64, 1002, 42.334244, 136.826019, 1544.641479, 0.000473, 0.012298, 0.036800, 0.454239, 0.487543, 0.612693, 1.000000, 1.600000, 2.000000
3, 1, 29, 64, 1002, 40.373245, 154.707794, 1786.478149, 0.000536, 0.011218, 0.041128, 0.454647, 0.485621, 0.632691, 1.000000, 1.600000, 2.000000
3, 2, 1, 64, 1002, 11.252636, 112.052330, 1108.132202, 0.000633, 0.017649, 0.094078, 0.455566, 0.568124, 0.648760, 1.000000, 1.400000, 2.000000
3, 2, 15, 64, 1002, 15.493876, 114.296188, 824.811218, 0.000808, 0.020921, 0.106856, 0.454137, 0.595919, 0.637945, 1.000000, 1.600000, 2.000000
3, 2, 29, 64, 1002, 10.612762, 117.806000, 1921.392700, 0.000417, 0.013765, 0.055085, 0.454903, 0.579238, 0.648760, 2.000000, 2.400000, 3.000000
3, 3, 1, 64, 1002, 13.157126, 105.407051, 1202.780396, 0.000864, 0.016932, 0.128254, 0.454341, 0.567434, 0.637945, 1.000000, 1.200000, 2.000000
3, 3, 15, 64, 1002, 12.992041, 117.312416, 1250.606812, 0.000580, 0.015642, 0.083562, 0.455566, 0.592575, 0.643302, 1.000000, 1.800000, 2.000000
3, 3, 29, 64, 1002, 15.547211, 100.600639, 2056.168213, 0.000360, 0.018367, 0.058726, 0.455056, 0.587157, 0.637945, 2.000000, 2.400000, 3.000000
18, 1, 1, 64, 1002, 15.078976, 23.903982, 55.120949, 0.001341, 0.012408, 0.035441, 0.380624, 0.391376, 0.434599, 12.000000, 12.600000, 13.000000
18, 1, 15, 64, 1002, 12.796347, 22.836544, 69.171303, 0.002311, 0.014188, 0.033428, 0.381798, 0.392860, 0.423834, 12.000000, 12.600000, 13.000000
18, 1, 29, 64, 1002, 13.711936, 25.305788, 78.725006, 0.000899, 0.012212, 0.045665, 0.381747, 0.392950, 0.428477, 12.000000, 12.600000, 13.000000
18, 5, 1, 64, 1002, 2.035540, 19.827166, 89.431915, 0.002102, 0.054880, 0.286557, 0.386644, 0.478422, 0.637945, 9.000000, 10.000000, 11.000000
18, 5, 15, 64, 1002, 0.766400, 10.704490, 124.668617, 0.003137, 0.049983, 0.213895, 0.388175, 0.518888, 0.654321, 9.000000, 9.400000, 10.000000
18, 5, 29, 64, 1002, 1.091738, 15.677015, 96.949844, 0.004532, 0.107452, 0.625133, 0.382665, 0.507964, 0.648760, 8.000000, 9.000000, 10.000000
18, 9, 1, 64, 1002, 0.864306, 10.756236, 168.451096, 0.005973, 0.056652, 0.232966, 0.386899, 0.522366, 0.654321, 7.000000, 9.000000, 10.000000
18, 9, 15, 64, 1002, 1.407029, 10.716595, 72.682274, 0.005506, 0.063399, 0.335455, 0.384859, 0.534200, 0.659984, 7.000000, 8.600000, 10.000000
18, 9, 29, 64, 1002, 0.996493, 9.107879, 120.268166, 0.008373, 0.079887, 0.244526, 0.385777, 0.519226, 0.648760, 7.000000, 8.800000, 10.000000
18, 13, 1, 64, 1002, 1.915728, 15.551338, 289.522339, 0.000919, 0.083689, 0.521844, 0.382155, 0.496313, 0.637945, 8.000000, 9.200000, 11.000000
18, 13, 15, 64, 1002, 0.546942, 12.374249, 106.463585, 0.000957, 0.077737, 0.352261, 0.382614, 0.542870, 0.648760, 7.000000, 7.800000, 9.000000
18, 13, 29, 64, 1002, 0.906142, 8.112519, 69.307159, 0.004813, 0.048938, 0.225579, 0.391134, 0.535247, 0.643302, 8.000000, 8.400000, 9.000000
18, 17, 1, 64, 1002, 0.526802, 11.426226, 142.965286, 0.004462, 0.066056, 0.216103, 0.390317, 0.542976, 0.659984, 7.000000, 7.800000, 9.000000
18, 17, 15, 64, 1002, 0.654791, 10.170294, 99.004890, 0.002051, 0.061797, 0.254113, 0.388226, 0.564502, 0.648760, 7.000000, 7.600000, 8.000000
18, 17, 29, 64, 1002, 0.613266, 10.504861, 130.769928, 0.003248, 0.160098, 1.888433, 0.384859, 0.551113, 0.654321, 7.000000, 8.000000, 9.000000
33, 1, 1, 64, 1002, 8.339297, 12.136350, 27.482590, 0.002236, 0.016300, 0.048771, 0.374605, 0.379004, 0.392256, 59.000000, 59.200000, 60.000000
33, 1, 15, 64, 1002, 7.912835, 11.682660, 28.901423, 0.002793, 0.017602, 0.055441, 0.375370, 0.380377, 0.395521, 59.000000, 59.600000, 60.000000
33, 1, 29, 64, 1002, 9.005214, 12.016733, 20.527477, 0.003789, 0.014479, 0.049214, 0.374043, 0.378724, 0.388838, 59.000000, 59.600000, 60.000000
33, 9, 1, 64, 1002, 0.575042, 4.923777, 20.869280, 0.020785, 0.066382, 0.101539, 0.376186, 0.548526, 0.637945, 27.000000, 30.000000, 34.000000
33, 9, 15, 64, 1002, 0.475308, 7.770216, 31.741795, 0.005116, 0.101127, 0.948660, 0.377359, 0.483592, 0.637945, 33.000000, 41.400000, 48.000000
33, 9, 29, 64, 1002, 0.530132, 7.185053, 54.188911, 0.012753, 0.122318, 0.291566, 0.378125, 0.472966, 0.637945, 26.000000, 37.600000, 46.000000
33, 17, 1, 64, 1002, 0.571650, 6.870741, 57.041553, 0.003978, 0.056042, 0.243079, 0.375064, 0.532412, 0.637945, 26.000000, 31.200000, 35.000000
33, 17, 15, 64, 1002, 0.330936, 5.677036, 69.243187, 0.017654, 0.101495, 0.566024, 0.382257, 0.537701, 0.643302, 25.000000, 30.800000, 36.000000
33, 17, 29, 64, 1002, 0.492005, 4.945444, 51.291283, 0.009180, 0.035795, 0.204086, 0.384195, 0.533127, 0.648760, 24.000000, 28.600000, 35.000000
33, 25, 1, 64, 1002, 0.377505, 6.453753, 55.782928, 0.012879, 0.196075, 1.082625, 0.383940, 0.528434, 0.637945, 24.000000, 30.000000, 38.000000
33, 25, 15, 64, 1002, 0.426246, 4.896231, 52.051342, 0.005732, 0.072514, 0.317363, 0.380931, 0.523781, 0.671615, 24.000000, 30.600000, 35.000000
33, 25, 29, 64, 1002, 0.289948, 5.382241, 37.418701, 0.012316, 0.091727, 0.389560, 0.378890, 0.550464, 0.648760, 22.000000, 27.600000, 36.000000
33, 33, 1, 64, 1002, 0.527170, 4.833793, 28.065603, 0.011360, 0.113590, 0.566158, 0.377002, 0.559102, 0.648760, 20.000000, 24.800000, 27.000000
33, 33, 15, 64, 1002, 0.300578, 5.884904, 30.936970, 0.004198, 0.047825, 0.137870, 0.377002, 0.571032, 0.654321, 20.000000, 23.600000, 28.000000
33, 33, 29, 64, 1002, 0.342519, 5.587830, 26.938181, 0.012353, 0.130273, 0.557965, 0.375013, 0.536700, 0.637945, 24.000000, 28.000000, 35.000000
48, 1, 1, 64, 1002, 5.401663, 7.090468, 13.188300, 0.002604, 0.022896, 0.065124, 0.371748, 0.374478, 0.380726, 172.000000, 173.400000, 174.000000
48, 1, 15, 64, 1002, 5.596222, 7.655838, 23.927889, 0.002850, 0.020916, 0.055095, 0.371289, 0.374216, 0.379808, 172.000000, 173.400000, 175.000000
48, 1, 29, 64, 1002, 5.231349, 7.030175, 12.948086, 0.003538, 0.024400, 0.047128, 0.371952, 0.374175, 0.380012, 173.000000, 173.600000, 175.000000
48, 12, 1, 64, 1002, 0.324155, 2.761432, 74.382057, 0.008205, 0.089544, 0.301416, 0.381747, 0.548451, 0.643302, 72.000000, 83.000000, 88.000000
48, 12, 15, 64, 1002, 0.274689, 2.730138, 12.499053, 0.027635, 0.173057, 0.371623, 0.376798, 0.516006, 0.643302, 67.000000, 93.200000, 114.000000
48, 12, 29, 64, 1002, 0.220068, 2.873087, 15.229892, 0.015903, 0.095830, 0.330693, 0.374809, 0.548111, 0.649526, 59.000000, 80.000000, 93.000000
48, 23, 1, 64, 1002, 0.529156, 4.959234, 58.321381, 0.034837, 0.128175, 0.606120, 0.379196, 0.533668, 0.637945, 56.000000, 75.400000, 92.000000
48, 23, 15, 64, 1002, 0.220843, 3.509485, 21.152531, 0.018528, 0.067851, 0.203425, 0.374094, 0.540864, 0.659984, 61.000000, 76.600000, 96.000000
48, 23, 29, 64, 1002, 0.242577, 2.996324, 21.712368, 0.022841, 0.237003, 0.883506, 0.377512, 0.541808, 0.659984, 77.000000, 89.200000, 108.000000
48, 34, 1, 64, 1002, 0.130177, 3.561957, 16.497530, 0.010248, 0.116722, 0.341760, 0.372156, 0.554699, 0.654321, 56.000000, 67.000000, 80.000000
48, 34, 15, 64, 1002, 0.321316, 3.167981, 25.230497, 0.015926, 0.096169, 0.468035, 0.379451, 0.542138, 0.654321, 61.000000, 78.400000, 91.000000
48, 34, 29, 64, 1002, 0.301317, 3.566692, 22.356632, 0.011681, 0.111162, 0.351473, 0.374299, 0.551741, 0.659984, 65.000000, 79.600000, 93.000000
48, 45, 1, 64, 1002, 0.279420, 3.959793, 26.555487, 0.013268, 0.099089, 0.499367, 0.373431, 0.538707, 0.654321, 57.000000, 77.200000, 85.000000
48, 45, 15, 64, 1002, 0.208224, 3.231157, 15.125515, 0.003234, 0.177897, 0.553039, 0.371850, 0.547042, 0.648760, 61.000000, 76.200000, 87.000000
48, 45, 29, 64, 1002, 0.266458, 2.641490, 23.746170, 0.009519, 0.131707, 0.449628, 0.372258, 0.551586, 0.643302, 53.000000, 62.600000, 71.000000
3, 1, 1, 256, 2, 40.279842, 157.315887, 1375.788452, 0.000589, 0.011073, 0.040293, 0.454647, 0.489702, 0.608305, 0.000000, 0.000000, 0.000000
3, 1, 15, 256, 2, 40.575844, 161.826569, 1350.565186, 0.000454, 0.010707, 0.040826, 0.455260, 0.491272, 0.622998, 0.000000, 0.000000, 0.000000
3, 1, 29, 256, 2, 38.807705, 162.108734, 1914.519897, 0.000251, 0.010720, 0.040165, 0.454341, 0.489342, 0.648760, 0.000000, 0.200000, 1.000000
3, 2, 1, 256, 2, 10.067929, 130.722534, 1907.484619, 0.000459, 0.018028, 0.080415, 0.454494, 0.527782, 0.643302, 0.000000, 0.000000, 0.000000
3, 2, 15, 256, 2, 10.536242, 125.454262, 1422.439575, 0.000354, 0.017820, 0.080415, 0.454341, 0.527737, 0.654321, 0.000000, 0.000000, 0.000000
3, 2, 29, 256, 2, 10.536242, 132.179886, 1716.124634, 0.000560, 0.016646, 0.082959, 0.454239, 0.533599, 0.654321, 0.000000, 0.200000, 1.000000
3, 3, 1, 256, 2, 15.267747, 117.133324, 1081.396973, 0.001121, 0.017910, 0.075510, 0.454137, 0.547504, 0.654321, 0.000000, 0.000000, 0.000000
3, 3, 15, 256, 2, 14.049517, 106.108994, 2059.283203, 0.000650, 0.018501, 0.073971, 0.454137, 0.557696, 0.643302, 0.000000, 0.000000, 0.000000
3, 3, 29, 256, 2, 9.863923, 120.878319, 1658.386353, 0.000704, 0.017335, 0.099925, 0.454137, 0.555327, 0.648760, 0.000000, 0.200000, 1.000000
18, 1, 1, 256, 2, 14.659293, 25.564522, 169.000443, 0.000788, 0.010440, 0.032010, 0.381237, 0.390404, 0.436486, 0.000000, 0.000000, 0.000000
18, 1, 15, 256, 2, 14.659293, 26.673050, 99.557587, 0.000788, 0.009579, 0.035387, 0.381288, 0.390381, 0.421181, 0.000000, 0.200000, 1.000000
18, 1, 29, 256, 2, 15.146868, 27.326756, 128.530060, 0.000873, 0.009115, 0.030873, 0.381135, 0.390029, 0.417764, 0.000000, 0.200000, 1.000000
18, 5, 1, 256, 2, 7.200835, 26.086374, 109.444099, 0.001760, 0.033635, 0.560313, 0.381339, 0.412257, 0.500714, 0.000000, 0.200000, 1.000000
18, 5, 15, 256, 2, 7.304995, 27.824936, 154.138794, 0.001077, 0.034604, 0.554440, 0.381339, 0.412822, 0.487705, 1.000000, 0.200000, 1.000000
18, 5, 29, 256, 2, 6.274403, 28.193584, 174.666153, 0.001788, 0.036905, 0.738463, 0.382716, 0.413869, 0.512907, 0.000000, 0.000000, 0.000000
18, 9, 1, 256, 2, 5.802947, 25.791241, 216.417099, 0.001749, 0.056722, 1.394747, 0.381645, 0.430251, 0.544842, 0.000000, 0.200000, 1.000000
18, 9, 15, 256, 2, 4.546616, 24.695791, 121.847038, 0.002085, 0.054034, 0.650594, 0.381798, 0.431676, 0.525916, 0.000000, 0.200000, 1.000000
18, 9, 29, 256, 2, 4.546616, 24.179829, 136.591339, 0.001949, 0.056099, 1.090618, 0.381900, 0.431715, 0.545914, 0.000000, 0.200000, 1.000000
18, 13, 1, 256, 2, 1.513704, 22.913717, 142.548737, 0.002089, 0.052235, 0.811932, 0.382308, 0.450495, 0.617539, 0.000000, 0.000000, 0.000000
18, 13, 15, 256, 2, 2.322138, 23.776224, 159.726547, 0.001845, 0.066088, 0.761834, 0.382410, 0.445148, 0.557341, 0.000000, 0.200000, 1.000000
18, 13, 29, 256, 2, 2.270983, 25.841074, 182.700912, 0.001391, 0.054959, 0.770803, 0.382410, 0.443631, 0.598765, 0.000000, 0.200000, 1.000000
18, 17, 1, 256, 2, 0.487994, 20.764761, 125.017944, 0.003537, 0.079339, 0.623740, 0.383736, 0.467883, 0.654321, 1.000000, 0.200000, 1.000000
18, 17, 15, 256, 2, 1.110691, 24.362919, 213.207169, 0.002333, 0.067314, 0.655893, 0.384349, 0.459418, 0.637945, 0.000000, 0.000000, 0.000000
18, 17, 29, 256, 2, 1.305415, 22.755117, 213.207169, 0.002186, 0.063321, 0.910536, 0.384604, 0.460997, 0.637945, 0.000000, 0.200000, 1.000000
33, 1, 1, 256, 2, 9.069301, 13.590742, 44.400368, 0.001761, 0.011907, 0.035191, 0.373839, 0.379084, 0.403734, 1.000000, 0.600000, 1.000000
33, 1, 15, 256, 2, 8.885153, 13.532384, 40.801136, 0.001732, 0.012216, 0.044789, 0.373941, 0.378965, 0.395521, 0.000000, 0.400000, 1.000000
33, 1, 29, 256, 2, 8.837667, 13.474935, 37.947273, 0.001776, 0.012640, 0.047367, 0.373890, 0.379186, 0.390470, 0.000000, 0.600000, 1.000000
33, 9, 1, 256, 2, 3.499649, 13.839725, 58.109699, 0.003768, 0.069584, 0.940590, 0.375064, 0.402658, 0.451485, 1.000000, 0.600000, 1.000000
33, 9, 15, 256, 2, 3.374488, 14.375336, 153.248413, 0.002454, 0.064314, 0.968869, 0.374248, 0.400697, 0.460871, 0.000000, 0.400000, 1.000000
33, 9, 29, 256, 2, 3.050591, 13.488306, 62.306950, 0.002310, 0.066169, 0.653293, 0.374860, 0.402673, 0.464340, 1.000000, 0.600000, 1.000000
33, 17, 1, 256, 2, 1.207559, 12.376847, 100.204407, 0.003345, 0.106190, 1.233078, 0.374809, 0.421746, 0.513978, 1.000000, 0.400000, 1.000000
33, 17, 15, 256, 2, 2.464198, 12.998836, 124.287552, 0.003007, 0.089938, 0.922351, 0.375166, 0.420440, 0.498112, 0.000000, 0.400000, 1.000000
33, 17, 29, 256, 2, 2.522550, 12.273194, 89.527237, 0.003451, 0.084284, 1.264349, 0.374962, 0.420810, 0.522600, 1.000000, 0.600000, 1.000000
33, 25, 1, 256, 2, 0.882252, 10.977348, 101.570435, 0.002047, 0.137482, 1.669107, 0.375880, 0.445777, 0.594327, 1.000000, 0.400000, 1.000000
33, 25, 15, 256, 2, 1.862534, 10.521447, 44.153229, 0.002954, 0.123379, 2.437544, 0.374962, 0.441192, 0.599225, 1.000000, 0.400000, 1.000000
33, 25, 29, 256, 2, 0.611551, 11.235089, 48.586227, 0.003697, 0.134067, 2.957964, 0.376033, 0.442176, 0.581624, 0.000000, 0.400000, 1.000000
33, 33, 1, 256, 2, 0.665369, 9.697925, 85.520645, 0.005276, 0.155029, 2.064544, 0.376237, 0.466863, 0.637945, 0.000000, 0.400000, 1.000000
33, 33, 15, 256, 2, 0.786742, 9.885243, 81.899254, 0.002816, 0.117896, 0.921667, 0.375829, 0.464974, 0.637996, 0.000000, 0.400000, 1.000000
33, 33, 29, 256, 2, 0.378694, 10.301200, 57.167961, 0.004249, 0.136149, 1.958723, 0.376390, 0.462559, 0.654321, 0.000000, 0.400000, 1.000000
48, 1, 1, 256, 2, 5.951935, 8.782751, 19.803722, 0.002455, 0.015207, 0.051328, 0.371034, 0.374967, 0.384298, 1.000000, 1.400000, 2.000000
48, 1, 15, 256, 2, 5.737087, 8.795067, 27.761391, 0.001937, 0.015638, 0.073185, 0.371187, 0.374934, 0.387409, 1.000000, 1.400000, 2.000000
48, 1, 29, 256, 2, 6.090223, 8.759665, 20.090063, 0.001600, 0.015309, 0.056928, 0.371136, 0.375029, 0.384400, 1.000000, 1.600000, 2.000000
48, 12, 1, 256, 2, 2.440895, 8.943852, 60.767895, 0.003949, 0.101851, 1.584919, 0.371442, 0.397598, 0.443424, 1.000000, 1.200000, 2.000000
48, 12, 15, 256, 2, 2.790367, 8.584871, 46.816082, 0.004012, 0.104162, 1.902414, 0.371952, 0.397495, 0.463473, 1.000000, 1.400000, 2.000000
48, 12, 29, 256, 2, 2.437959, 8.749183, 123.826271, 0.004453, 0.097821, 1.418692, 0.372207, 0.397611, 0.440669, 1.000000, 1.400000, 2.000000
48, 23, 1, 256, 2, 1.813726, 7.761245, 54.126865, 0.003190, 0.138213, 1.395772, 0.370727, 0.415609, 0.509438, 1.000000, 1.200000, 2.000000
48, 23, 15, 256, 2, 1.237880, 7.781742, 45.572330, 0.004394, 0.162836, 2.773779, 0.372768, 0.415790, 0.501275, 1.000000, 1.200000, 2.000000
48, 23, 29, 256, 2, 1.177780, 7.929860, 61.730309, 0.004490, 0.152823, 2.734145, 0.372156, 0.417556, 0.509744, 1.000000, 1.200000, 2.000000
48, 34, 1, 256, 2, 1.191955, 6.899093, 48.594479, 0.005331, 0.175020, 3.242862, 0.372207, 0.437865, 0.571625, 1.000000, 1.200000, 2.000000
48, 34, 15, 256, 2, 0.664485, 6.999287, 46.036865, 0.004980, 0.153670, 2.514632, 0.372564, 0.436624, 0.575758, 1.000000, 1.000000, 1.000000
48, 34, 29, 256, 2, 1.171955, 6.977849, 48.731079, 0.003770, 0.161227, 3.221094, 0.371391, 0.432867, 0.567289, 1.000000, 1.200000, 2.000000
48, 45, 1, 256, 2, 0.282272, 6.415930, 31.651941, 0.006963, 0.192696, 3.738283, 0.372156, 0.460504, 0.659984, 1.000000, 1.000000, 1.000000
48, 45, 15, 256, 2, 0.494657, 6.373654, 30.377775, 0.004821, 0.195990, 3.429265, 0.372717, 0.458435, 0.632691, 1.000000, 1.200000, 2.000000
48, 45, 29, 256, 2, 0.987279, 6.543434, 48.023163, 0.003509, 0.217869, 4.745828, 0.372360, 0.455811, 0.632691, 1.000000, 1.000000, 1.000000
3, 1, 1, 256, 502, 24.430380, 154.556488, 1927.442017, 0.000338, 0.012437, 0.040446, 0.454035, 0.487625, 0.643302, 4.000000, 4.000000, 4.000000
3, 1, 15, 256, 502, 39.627216, 157.082733, 1805.906616, 0.000341, 0.011626, 0.041071, 0.454035, 0.485819, 0.643302, 4.000000, 4.200000, 5.000000
3, 1, 29, 256, 502, 40.371914, 143.544296, 2827.888672, 0.000326, 0.013203, 0.040251, 0.454035, 0.491012, 0.643404, 4.000000, 4.600000, 5.000000
3, 2, 1, 256, 502, 9.843550, 115.603432, 1769.722656, 0.000402, 0.017933, 0.105484, 0.454290, 0.554260, 0.654321, 3.000000, 3.800000, 4.000000
3, 2, 15, 256, 502, 8.859704, 113.072128, 1847.338989, 0.000348, 0.016740, 0.120552, 0.454137, 0.566756, 0.648760, 4.000000, 4.600000, 5.000000
3, 2, 29, 256, 502, 11.406111, 119.322716, 1340.648193, 0.000782, 0.017545, 0.095647, 0.454647, 0.580055, 0.665748, 5.000000, 5.600000, 6.000000
3, 3, 1, 256, 502, 10.031054, 113.545547, 1629.730103, 0.000459, 0.018096, 0.090163, 0.454137, 0.553854, 0.654321, 3.000000, 3.800000, 4.000000
3, 3, 15, 256, 502, 10.073854, 130.764771, 1941.100708, 0.000535, 0.013980, 0.062094, 0.454290, 0.580473, 0.648760, 4.000000, 4.800000, 5.000000
3, 3, 29, 256, 502, 8.986953, 113.679131, 1119.969849, 0.000355, 0.016720, 0.099818, 0.454647, 0.584552, 0.643302, 6.000000, 6.000000, 6.000000
18, 1, 1, 256, 502, 13.855686, 23.081482, 83.401703, 0.000899, 0.013506, 0.043258, 0.382155, 0.393620, 0.440567, 26.000000, 26.200000, 27.000000
18, 1, 15, 256, 502, 13.320723, 23.623857, 71.169418, 0.001206, 0.011256, 0.042682, 0.380931, 0.390541, 0.419600, 25.000000, 25.800000, 26.000000
18, 1, 29, 256, 502, 13.692870, 22.953611, 109.280426, 0.001024, 0.011669, 0.037008, 0.381543, 0.391323, 0.422304, 26.000000, 26.200000, 27.000000
18, 5, 1, 256, 502, 0.547798, 11.026491, 131.183701, 0.002255, 0.075914, 0.490862, 0.382920, 0.506591, 0.654321, 17.000000, 18.200000, 19.000000
18, 5, 15, 256, 502, 0.815069, 11.092907, 108.047630, 0.003397, 0.040769, 0.307689, 0.384910, 0.529202, 0.648760, 17.000000, 17.200000, 18.000000
18, 5, 29, 256, 502, 0.681253, 9.502097, 182.967712, 0.002795, 0.050004, 0.330304, 0.386134, 0.510325, 0.643302, 18.000000, 18.800000, 20.000000
18, 9, 1, 256, 502, 0.793425, 9.645771, 106.898499, 0.001360, 0.190233, 1.097958, 0.383787, 0.524388, 0.648760, 16.000000, 17.200000, 18.000000
18, 9, 15, 256, 502, 0.633060, 7.652781, 122.818619, 0.002350, 0.040649, 0.231057, 0.386185, 0.557063, 0.659984, 16.000000, 16.200000, 17.000000
18, 9, 29, 256, 502, 0.450114, 10.313171, 229.401764, 0.002379, 0.047151, 0.618799, 0.382257, 0.537085, 0.648760, 17.000000, 17.200000, 18.000000
18, 13, 1, 256, 502, 0.496232, 8.398403, 151.899765, 0.003542, 0.043425, 0.259955, 0.384655, 0.540726, 0.659984, 15.000000, 16.200000, 17.000000
18, 13, 15, 256, 502, 0.444521, 8.457306, 167.577042, 0.004117, 0.034174, 0.177971, 0.383328, 0.543526, 0.659984, 16.000000, 16.200000, 17.000000
18, 13, 29, 256, 502, 0.463835, 9.898101, 140.745987, 0.003206, 0.050754, 0.493419, 0.384298, 0.530569, 0.654321, 17.000000, 17.400000, 18.000000
18, 17, 1, 256, 502, 0.552339, 7.500010, 100.002464, 0.001691, 0.056765, 0.213046, 0.380624, 0.550250, 0.665748, 15.000000, 16.200000, 17.000000
18, 17, 15, 256, 502, 0.582952, 7.036513, 155.222488, 0.002075, 0.039265, 0.246094, 0.386848, 0.562208, 0.665748, 15.000000, 15.600000, 16.000000
18, 17, 29, 256, 502, 0.475972, 7.596028, 552.682129, 0.001933, 0.051234, 0.738485, 0.383889, 0.558699, 0.654321, 15.000000, 16.000000, 17.000000
33, 1, 1, 256, 502, 7.867105, 12.028588, 29.105350, 0.001983, 0.016253, 0.069868, 0.373482, 0.378807, 0.403938, 118.000000, 118.600000, 120.000000
33, 1, 15, 256, 502, 8.505330, 12.384488, 27.582117, 0.002192, 0.016131, 0.048007, 0.374094, 0.379238, 0.391236, 119.000000, 119.600000, 121.000000