					BDI			DI			Rand			Rand		
medoidy	klaster	s¹siedzi	populacja	kroki	min	mean	max	min	mean	max	min	mean	max	min	mean	max
3	1	1	4	2	35,906139	117,794884	299,269928	0,003044	0,014454	0,041448	0,759289	0,803667	0,899467	0	0	0
3	1	15	4	2	35,906139	117,794884	299,269928	0,003044	0,014454	0,041448	0,759289	0,803667	0,899467	0	0	0
3	1	29	4	2	35,763432	49,69986	63,785908	0,003615	0,016337	0,041448	0,716711	0,7684	0,899467	0	0	0
3	2	1	4	2	30,349436	66,431404	137,646027	0,005719	0,021099	0,03868	0,7792	0,825089	0,857778	0	0	0
3	2	15	4	2	30,349436	30,349436	30,349436	0,03868	0,03868	0,03868	0,366667	0,594889	0,857778	0	0	0
3	2	29	4	2	30,349436	66,431404	137,646027	0,005719	0,021099	0,03868	0,7792	0,825089	0,857778	0	0	0
3	3	1	4	2	51,172215	51,172215	51,172215	0,019008	0,019008	0,019008	0,333333	0,560467	0,842578	0	0	0
3	3	15	4	2	51,172215	51,172215	51,172215	0,019008	0,019008	0,019008	0,333333	0,560467	0,842578	0	0	0
3	3	29	4	2	51,172215	51,172215	51,172215	0,019008	0,019008	0,019008	0,333333	0,560467	0,842578	0	0	0
14	1	1	4	2	13,623453	22,605677	30,934519	0,007548	0,026412	0,057893	0,754578	0,760178	0,767911	0	0	0
14	1	15	4	2	13,623453	22,605677	30,934519	0,007548	0,026412	0,057893	0,754578	0,760178	0,767911	0	0	0
14	1	29	4	2	13,623453	22,605677	30,934519	0,007548	0,026412	0,057893	0,754578	0,760178	0,767911	0	0	0
14	4	1	4	2	2,69148	4,95188	9,006235	0,045441	0,088005	0,132194	0,658044	0,689378	0,743822	0	0	0
14	4	15	4	2	2,69148	4,95188	9,006235	0,045441	0,088005	0,132194	0,658044	0,689378	0,743822	0	0	0
14	4	29	4	2	4,597401	11,19549	23,081446	0,021854	0,051028	0,068206	0,635022	0,666467	0,692533	0	0	0
14	7	1	4	2	2,43718	5,241912	9,89375	0,047928	0,129277	0,168225	0,629511	0,676289	0,721867	0	0	0
14	7	15	4	2	2,986017	12,189201	31,484257	0,005937	0,130376	0,317529	0,629511	0,687245	0,736267	0	0	0
14	7	29	4	2	2,43718	5,241912	9,89375	0,047928	0,129277	0,168225	0,629511	0,676289	0,721867	0	0	0
14	10	1	4	2	5,500048	8,902756	12,340925	0,050416	0,063539	0,079798	0,650578	0,689333	0,719644	0	0	0
14	10	15	4	2	5,500048	8,902756	12,340925	0,050416	0,063539	0,079798	0,650578	0,689333	0,719644	0	0	0
14	10	29	4	2	5,500048	8,902756	12,340925	0,050416	0,063539	0,079798	0,650578	0,689333	0,719644	0	0	0
14	13	1	4	2	23,498602	23,766495	24,034388	0,017072	0,020679	0,024286	0,5416	0,635133	0,738489	0	0	0
14	13	15	4	2	23,498602	23,766495	24,034388	0,017072	0,020679	0,024286	0,5416	0,635133	0,738489	0	0	0
14	13	29	4	2	23,498602	23,766495	24,034388	0,017072	0,020679	0,024286	0,5416	0,635133	0,738489	0	0	0
25	1	1	4	2	10,807263	13,49144	16,180101	0,010344	0,018783	0,023494	0,710578	0,7156	0,720889	0	0	0
25	1	15	4	2	10,807263	13,49144	16,180101	0,010344	0,018783	0,023494	0,710578	0,7156	0,720889	0	0	0
25	1	29	4	2	10,521507	12,780439	15,211289	0,013166	0,020274	0,029708	0,710044	0,712867	0,715822	0	0	0
25	7	1	4	2	0,946646	2,788629	4,000058	0,069931	0,202502	0,466422	0,625156	0,653933	0,676533	0	0	0
25	7	15	4	2	0,946646	2,969446	4,436162	0,092268	0,194768	0,466422	0,6536	0,679556	0,705422	0	0	0
25	7	29	4	2	0,946646	2,969446	4,436162	0,092268	0,194768	0,466422	0,6536	0,679556	0,705422	0	0	0
25	13	1	4	2	3,053946	9,049979	12,317183	0,025095	0,03758	0,061389	0,571467	0,662733	0,710667	0	0	0
25	13	15	4	2	3,053946	9,049979	12,317183	0,025095	0,03758	0,061389	0,571467	0,662733	0,710667	0	0	0
25	13	29	4	2	3,053946	9,049979	12,317183	0,025095	0,03758	0,061389	0,571467	0,662733	0,710667	0	0	0
25	19	1	4	2	2,641341	2,780216	2,919091	0,128686	0,131718	0,13475	0,579822	0,665733	0,708978	0	0	0
25	19	15	4	2	2,641341	2,780216	2,919091	0,128686	0,131718	0,13475	0,579822	0,665733	0,708978	0	0	0
25	19	29	4	2	2,641341	2,780216	2,919091	0,128686	0,131718	0,13475	0,579822	0,665733	0,708978	0	0	0
25	25	1	4	2	0,898473	8,324387	17,914675	0,019186	0,132085	0,340597	0,380267	0,655915	0,715822	0	0	0
25	25	15	4	2	0,898473	2,897649	6,105918	0,046986	0,14715	0,340597	0,646933	0,666756	0,684089	0	0	0
25	25	29	4	2	0,898473	2,897649	6,105918	0,046986	0,14715	0,340597	0,646933	0,666756	0,684089	0	0	0
36	1	1	4	2	6,527999	8,784542	11,800653	0,018619	0,027123	0,037568	0,698133	0,702204	0,7112	0	0	0
36	1	15	4	2	6,527999	8,784542	11,800653	0,018619	0,027123	0,037568	0,698133	0,702204	0,7112	0	0	0
36	1	29	4	2	8,644186	9,620186	11,800653	0,023021	0,029196	0,037568	0,698133	0,702711	0,7112	0	0	0
36	9	1	4	2	1,350441	1,964182	2,425511	0,098073	0,164818	0,261708	0,650222	0,665756	0,685511	0	0	0
36	9	15	4	2	1,350441	1,964182	2,425511	0,098073	0,164818	0,261708	0,650222	0,665756	0,685511	0	0	0
36	9	29	4	2	1,350441	1,964182	2,425511	0,098073	0,164818	0,261708	0,650222	0,665756	0,685511	0	0	0
36	17	1	4	2	1,768841	3,116846	4,493521	0,029528	0,108966	0,186377	0,603733	0,639733	0,694578	0	0	0
36	17	15	4	2	1,768841	3,116846	4,493521	0,029528	0,108966	0,186377	0,603733	0,639733	0,694578	0	0	0
36	17	29	4	2	1,768841	3,116846	4,493521	0,029528	0,108966	0,186377	0,603733	0,639733	0,694578	0	0	0
36	25	1	4	2	0,972871	2,624972	4,277073	0,11725	0,207079	0,296907	0,614933	0,651356	0,694667	0	0	0
36	25	15	4	2	0,972871	2,624972	4,277073	0,11725	0,207079	0,296907	0,614933	0,651356	0,694667	0	0	0
36	25	29	4	2	0,972871	2,624972	4,277073	0,11725	0,207079	0,296907	0,614933	0,651356	0,694667	0	0	0
36	33	1	4	2	0,640873	0,985186	1,247024	0,056116	0,297484	0,585174	0,610667	0,635844	0,659911	0	0	0
36	33	15	4	2	0,640873	0,985186	1,247024	0,056116	0,297484	0,585174	0,610667	0,635844	0,659911	0	0	0
36	33	29	4	2	0,640873	0,985186	1,247024	0,056116	0,297484	0,585174	0,610667	0,635844	0,659911	0	0	0
3	1	1	4	502	34,807095	58,972298	113,604637	0,004604	0,018822	0,042896	0,727911	0,789578	0,880533	0	0	0
3	1	15	4	502	32,606911	228,678146	901,809082	0,000958	0,0225	0,042896	0,611022	0,767853	0,880533	0	0,2	1
3	1	29	4	502	40,088306	152,595062	360,123199	0,001138	0,012967	0,031782	0,7016	0,767289	0,885422	0	0	0
3	2	1	4	502	152,039368	497,31665	842,593933	0,000858	0,002574	0,004289	0,458756	0,670267	0,777778	0	0	0
3	2	15	4	502	152,039368	446,439117	842,593933	0,000858	0,002321	0,004289	0,458756	0,680293	0,777778	0	0	0
3	2	29	4	502	47,480087	433,05426	842,593933	0,000858	0,006175	0,02778	0,333333	0,600822	0,8792	0	0,2	1
3	3	1	4	502	30,707306	30,707306	30,707306	0,037742	0,037742	0,037742	0,333333	0,575556	0,857778	0	0	0
3	3	15	4	502	30,707306	30,707306	30,707306	0,037742	0,037742	0,037742	0,333333	0,575556	0,857778	0	0	0
3	3	29	4	502	30,707306	30,707306	30,707306	0,037742	0,037742	0,037742	0,333333	0,575556	0,857778	0	0	0
14	1	1	4	502	13,907043	23,652369	31,49354	0,005855	0,018095	0,02857	0,738044	0,761578	0,807733	0	0,2	1
14	1	15	4	502	13,907043	25,299305	34,578659	0,004799	0,010497	0,02857	0,745156	0,775018	0,807733	0	0,2	1
14	1	29	4	502	17,868809	22,008671	30,450373	0,005818	0,013168	0,034638	0,724978	0,744893	0,776622	0	0,2	1
14	4	1	4	502	1,066323	7,348737	24,048838	0,017973	0,068185	0,133402	0,649778	0,698413	0,747111	0	0,2	1
14	4	15	4	502	1,066323	10,397683	22,003605	0,014367	0,050715	0,115202	0,658667	0,721338	0,783644	0	0,2	1
14	4	29	4	502	4,65958	12,77629	30,984772	0,011105	0,040422	0,106051	0,598756	0,729595	0,758489	0	0,2	1
14	7	1	4	502	9,796349	26,63645	45,382095	0,007888	0,013381	0,033228	0,598844	0,696076	0,749156	0	0,2	1
14	7	15	4	502	9,796349	15,280872	24,421745	0,022087	0,02905	0,033228	0,611467	0,724258	0,853511	1	0,2	1
14	7	29	4	502	6,95797	15,58285	21,571217	0,038168	0,056656	0,11652	0,642933	0,720129	0,748267	1	0,2	1
14	10	1	4	502	4,805359	22,136583	47,829029	0,005681	0,034165	0,152191	0,570044	0,670733	0,756978	0	0	0
14	10	15	4	502	2,150442	5,935194	11,424285	0,022723	0,091255	0,180624	0,520622	0,628338	0,660711	0	0,2	1
14	10	29	4	502	1,686856	4,281033	11,424285	0,022723	0,167969	0,50574	0,576444	0,664049	0,720356	0	0,2	1
14	13	1	4	502	2,86556	9,282351	23,771057	0,016787	0,059718	0,098276	0,545244	0,647631	0,732622	0	0,2	1
14	13	15	4	502	2,86556	5,474201	9,621571	0,040267	0,072852	0,164404	0,490578	0,682271	0,722044	0	0,2	1
14	13	29	4	502	4,922259	4,96298	5,003702	0,088871	0,126637	0,164404	0,490578	0,591742	0,731467	0	0,2	1
25	1	1	4	502	9,221926	11,876416	15,515965	0,01464	0,026758	0,05881	0,711111	0,71476	0,726044	0	0,6	1
25	1	15	4	502	9,070139	11,481592	15,215146	0,008105	0,025172	0,038952	0,710933	0,719276	0,750044	0	0,8	1
25	1	29	4	502	9,070139	12,660681	16,164244	0,005983	0,015974	0,038206	0,713689	0,724129	0,740533	1	0,8	1
25	7	1	4	502	2,085068	8,101447	21,551416	0,012128	0,050722	0,18734	0,654133	0,700813	0,737867	1	0,8	1
25	7	15	4	502	1,313203	4,851491	11,036695	0,022559	0,105885	0,193286	0,649867	0,69336	0,729867	1	0,8	1
25	7	29	4	502	1,601112	4,923958	19,039791	0,006268	0,084744	0,203254	0,644533	0,69328	0,743822	0	0,6	1
25	13	1	4	502	0,594877	5,315144	12,320641	0,018251	0,221516	0,736443	0,6008	0,668253	0,723111	1	0,8	1
25	13	15	4	502	2,115066	6,767322	18,576191	0,007369	0,054539	0,170279	0,622667	0,673191	0,717333	1	0,6	1
25	13	29	4	502	1,983888	4,393677	13,281088	0,025509	0,154868	0,311681	0,552089	0,669351	0,729778	0	0,6	1
25	19	1	4	502	2,692862	 1.#INF00	 1.#INF00	0,043179	0,088375	0,158081	0,571733	0,68128	0,815822	1	0,8	1
25	19	15	4	502	2,096114	6,771703	10,585038	0,029452	0,097716	0,217893	0,519022	0,597711	0,684622	0	0,4	1
25	19	29	4	502	1,352877	3,819692	20,617176	0,010264	0,146238	0,392901	0,570933	0,608822	0,729689	0	0,6	1
25	25	1	4	502	3,747862	3,747862	3,747862	0,1146	0,1146	0,1146	0,386578	0,521022	0,675911	1	0,6	1
25	25	15	4	502	2,827229	5,621443	7,957119	0,028787	0,066616	0,148475	0,522222	0,610622	0,728	1	0,6	1
25	25	29	4	502	2,283378	9,918893	15,061386	0,008606	0,032685	0,102113	0,513244	0,611467	0,7392	1	0,6	1
36	1	1	4	502	6,634463	7,949886	9,847689	0,015873	0,03206	0,053997	0,697867	0,702689	0,711022	2	2	2
36	1	15	4	502	6,503569	8,126945	10,614033	0,009328	0,022302	0,038442	0,696356	0,708178	0,716622	2	2,2	3
36	1	29	4	502	6,717089	8,18573	12,67756	0,010786	0,03076	0,058634	0,698311	0,704542	0,713689	2	2,2	3
36	9	1	4	502	2,106773	4,855642	11,561673	0,00941	0,066117	0,157966	0,639289	0,681938	0,709067	2	2	2
36	9	15	4	502	0,723408	3,938889	8,016573	0,022662	0,126917	0,368544	0,634844	0,676662	0,712711	1	1,8	2
36	9	29	4	502	0,698644	 1.#INF00	 1.#INF00	0,013369	0,114527	0,394416	0,6128	0,680684	0,712178	1	2	3
36	17	1	4	502	0,742771	2,576749	6,979606	0,027183	0,165166	0,417843	0,600089	0,655062	0,703733	2	2	2
36	17	15	4	502	0,490316	0,800033	1,636667	0,226793	0,555915	0,692836	0,574667	0,651667	0,724267	1	1,6	2
36	17	29	4	502	0,728265	2,980803	8,89661	0,016024	0,16635	0,354879	0,616089	0,664142	0,704178	2	2	2
36	25	1	4	502	0,718914	2,532037	9,155849	0,021367	0,260011	0,617222	0,521333	0,611151	0,709422	1	1,6	2
36	25	15	4	502	0,58913	1,443701	3,164565	0,080727	0,399131	0,857092	0,508622	0,596236	0,686667	1	1,6	2
36	25	29	4	502	0,805999	 1.#INF00	 1.#INF00	0,035067	0,145087	0,36167	0,591733	0,64964	0,702489	1	1,8	2
36	33	1	4	502	3,157657	6,814604	10,471551	0,015757	0,049537	0,083317	0,333333	0,575733	0,705511	1	1,4	2
36	33	15	4	502	1,508474	2,018239	2,631145	0,103321	0,150906	0,191319	0,501867	0,595555	0,703822	1	1,4	2
36	33	29	4	502	0,459067	2,028398	6,203168	0,078402	0,209008	0,354985	0,505067	0,622022	0,701067	1	1,8	2
3	1	1	4	1002	77,728828	198,341202	516,297668	0,001886	0,00749	0,014362	0,590489	0,776711	0,885422	0	0	0
3	1	15	4	1002	77,728828	198,341202	516,297668	0,001886	0,00749	0,014362	0,590489	0,776711	0,885422	0	0	0
3	1	29	4	1002	52,543461	76,795326	130,505402	0,001681	0,014062	0,019841	0,7192	0,816809	0,885422	0	0,2	1
3	2	1	4	1002	44,618893	48,687843	52,756802	0,004872	0,012356	0,019841	0,333333	0,689244	0,842578	0	0	0
3	2	15	4	1002	44,618893	72,187256	130,505402	0,001681	0,014142	0,019841	0,333333	0,752507	0,965867	0	0	0
3	2	29	4	1002	34,401505	100,025993	292,578369	0,002856	0,017863	0,046617	0,333333	0,749733	0,934578	0	0,2	1
3	3	1	4	1002	42,616817	42,616817	42,616817	0,025601	0,025601	0,025601	0,745422	0,7686	0,777778	0	0	0
3	3	15	4	1002	42,616817	44,237087	50,718166	0,021221	0,024725	0,025601	0,333333	0,677733	0,777778	0	0,2	1
3	3	29	4	1002	0	0	0	0	0	0	0,333333	0,333333	0,333333	0	0	0
14	1	1	4	1002	14,034841	19,034773	28,118605	0,006738	0,024605	0,05034	0,7424	0,754133	0,7752	0	0,4	1
14	1	15	4	1002	16,528662	23,588463	35,581715	0,004325	0,015899	0,04591	0,725867	0,746267	0,764533	0	0,4	1
14	1	29	4	1002	15,652759	23,251516	30,518801	0,004902	0,012601	0,030279	0,712178	0,751636	0,782044	0	0,4	1
14	4	1	4	1002	7,601736	16,741125	30,112207	0,007309	0,022934	0,031817	0,698222	0,738627	0,793333	1	0,4	1
14	4	15	4	1002	3,01936	15,366846	27,141235	0,010033	0,048421	0,159687	0,687644	0,733671	0,7712	1	0,4	1
14	4	29	4	1002	3,776672	15,127052	31,789066	0,019531	0,043835	0,09455	0,626578	0,711595	0,760178	1	0,4	1
14	7	1	4	1002	1,69517	4,066143	5,81128	0,042002	0,10498	0,27858	0,629156	0,673835	0,735467	0	0,2	1
14	7	15	4	1002	2,438954	13,520196	24,712923	0,0123	0,050269	0,185353	0,592267	0,707116	0,784533	0	0,4	1
14	7	29	4	1002	1,726377	12,194615	22,834822	0,017342	0,066299	0,225581	0,566222	0,663627	0,718044	0	0,4	1
14	10	1	4	1002	2,018789	10,894607	31,56366	0,014245	0,097622	0,263377	0,549511	0,635973	0,761422	1	0,4	1
14	10	15	4	1002	11,436512	11,436512	11,436512	0,043768	0,043768	0,043768	0,524533	0,63964	0,751378	0	0,2	1
14	10	29	4	1002	0,698933	7,03053	21,4296	0,035436	0,097528	0,362291	0,575467	0,677493	0,754044	0	0,4	1
14	13	1	4	1002	4,780867	7,279994	8,359103	0,030223	0,061831	0,0887	0,5512	0,623271	0,721422	1	0,4	1
14	13	15	4	1002	10,033724	15,467062	20,397625	0,012693	0,030435	0,048673	0,5072	0,608564	0,721422	0	0,2	1
14	13	29	4	1002	0	0	0	0	0	0	0,357778	0,460476	0,735378	0	0,2	1
25	1	1	4	1002	9,447656	14,126721	38,660149	0,003235	0,023127	0,064703	0,711022	0,718209	0,7264	1	1,6	2
25	1	15	4	1002	9,673023	12,119603	17,700502	0,008487	0,018475	0,03804	0,709511	0,715929	0,729689	1	1,6	2
25	1	29	4	1002	10,251313	13,263806	19,335165	0,010321	0,021026	0,048933	0,711911	0,719733	0,729422	1	1,4	2
25	7	1	4	1002	1,134537	3,560138	10,250901	0,009949	0,192845	0,486739	0,6144	0,657938	0,7168	1	1,4	2
25	7	15	4	1002	0,982082	5,65556	19,626654	0,01271	0,11635	0,532804	0,657778	0,710276	0,786133	1	1,4	2
25	7	29	4	1002	2,587769	9,322482	24,094791	0,010431	0,057655	0,155454	0,639378	0,690676	0,724267	1	1,6	2
25	13	1	4	1002	1,867171	4,162635	8,09379	0,059881	0,101559	0,155416	0,553067	0,64836	0,709333	1	1,2	2
25	13	15	4	1002	2,838023	4,809657	9,956963	0,035479	0,090062	0,148186	0,516356	0,654987	0,723822	1	1,4	2
25	13	29	4	1002	0,489304	4,560213	12,374293	0,01907	0,204389	0,623103	0,566578	0,626978	0,690222	1	1,4	2
25	19	1	4	1002	0,940635	2,612985	5,459433	0,043345	0,318629	1,127619	0,504356	0,634187	0,695111	1	1,2	2
25	19	15	4	1002	1,002482	4,133376	12,399931	0,025275	0,175321	0,549881	0,5672	0,628458	0,699733	1	1,2	2
25	19	29	4	1002	1,416332	6,089159	14,330914	0,014898	0,11178	0,223874	0,549778	0,65156	0,740978	1	1,2	2
25	25	1	4	1002	0,695062	5,331542	12,950448	0,022744	0,280073	1,868888	0,372889	0,607231	0,728533	1	1,2	2
25	25	15	4	1002	1,463838	4,427728	10,483352	0,026189	0,172904	0,72893	0,333333	0,568915	0,720711	1	1,2	2
25	25	29	4	1002	1,223766	4,718727	7,494306	0,025712	0,111873	0,255899	0,498222	0,622911	0,725778	1	1,2	2
36	1	1	4	1002	6,477652	8,384393	12,186455	0,008843	0,026618	0,056959	0,700267	0,705618	0,712622	4	4,2	5
36	1	15	4	1002	5,860902	7,746657	11,207955	0,009591	0,025007	0,040733	0,698222	0,702902	0,7096	4	4,2	5
36	1	29	4	1002	6,208601	8,503051	11,639172	0,007253	0,024324	0,043533	0,696889	0,706089	0,718933	4	4,2	5
36	9	1	4	1002	0,494795	3,113508	8,605984	0,025487	0,149997	0,449456	0,643556	0,674551	0,704267	4	4	4
36	9	15	4	1002	0,566116	 1.#INF00	 1.#INF00	0,009517	0,162408	0,549324	0,601867	0,678107	0,720089	3	3,8	4
36	9	29	4	1002	0,979195	2,600586	4,785375	0,045206	0,133698	0,48405	0,583733	0,656129	0,713422	3	3,8	4
36	17	1	4	1002	0,473348	2,586209	7,070117	0,023434	0,16871	0,428393	0,601689	0,661596	0,7056	3	3,8	5
36	17	15	4	1002	1,258328	4,259513	7,38559	0,020529	0,110948	0,2308	0,586667	0,643049	0,706933	3	3,8	4
36	17	29	4	1002	0,410533	2,44192	8,812054	0,015538	0,374094	0,966032	0,575556	0,632889	0,709956	3	3,6	4
36	25	1	4	1002	0,46162	2,355109	5,950402	0,070909	0,35502	1,330302	0,546933	0,624067	0,698933	3	3,4	4
36	25	15	4	1002	0,898449	3,217544	7,684253	0,022014	0,163642	0,583314	0,495022	0,602871	0,691911	3	3,4	4
36	25	29	4	1002	0,318697	2,58791	3,59984	0,03155	0,359076	2,328449	0,572889	0,642324	0,704267	3	3,6	4
36	33	1	4	1002	0,458467	1,586885	3,090808	0,104723	0,47401	1,750181	0,440622	0,589844	0,676622	2	3	4
36	33	15	4	1002	0,742063	1,162238	1,363015	0,144921	0,360605	0,92909	0,403467	0,572049	0,685244	2	2,8	4
36	33	29	4	1002	0,752156	2,284732	5,304606	0,04013	0,168145	0,284768	0,416889	0,627298	0,678578	3	3,4	4
3	1	1	16	2	31,689932	120,904312	416,061432	0,002285	0,012965	0,048293	0,463467	0,756958	0,899467	0	0	0
3	1	15	16	2	31,689932	115,856567	361,525299	0,002285	0,013027	0,048293	0,463467	0,758867	0,899467	0	0	0
3	1	29	16	2	31,689932	162,170975	442,536865	0,002011	0,011566	0,048293	0,660356	0,78535	0,899467	0	0	0
3	2	1	16	2	32,040722	106,088737	422,684601	0,001119	0,018812	0,044428	0,406133	0,712994	0,880533	0	0	0
3	2	15	16	2	32,040722	115,892426	422,684601	0,001119	0,016519	0,037234	0,333333	0,654128	0,880533	0	0	0
3	2	29	16	2	32,040722	98,527962	422,684601	0,001335	0,023591	0,048581	0,406133	0,724122	0,912978	0	0	0
3	3	1	16	2	32,162304	98,590691	319,269501	0,002709	0,018436	0,049584	0,333333	0,589656	0,874578	0	0	0
3	3	15	16	2	32,162304	98,590691	319,269501	0,002709	0,018436	0,049584	0,333333	0,589656	0,874578	0	0	0
3	3	29	16	2	32,162304	98,590691	319,269501	0,002709	0,018436	0,049584	0,333333	0,589656	0,874578	0	0	0
14	1	1	16	2	13,253386	23,187126	39,0425	0,006064	0,013372	0,023638	0,725511	0,755611	0,787733	0	0	0
14	1	15	16	2	13,253386	23,044224	39,0425	0,007446	0,013794	0,023638	0,725511	0,752778	0,784	0	0	0
14	1	29	16	2	13,253386	22,56918	39,0425	0,007446	0,017065	0,039863	0,725511	0,752017	0,784	0	0	0
14	4	1	16	2	8,41009	17,077301	34,15844	0,010558	0,029607	0,058235	0,679378	0,721872	0,795644	0	0	0
14	4	15	16	2	1,301513	13,877566	38,58659	0,009194	0,058131	0,372049	0,659733	0,713806	0,795378	0	0	0
14	4	29	16	2	5,134254	17,84828	37,547859	0,006339	0,028397	0,062892	0,681778	0,726834	0,795644	0	0	0
14	7	1	16	2	5,826224	15,923871	33,862617	0,006279	0,034804	0,082695	0,599644	0,718369	0,789689	0	0	0
14	7	15	16	2	5,826224	17,308601	33,862617	0,006279	0,030117	0,082695	0,6024	0,716231	0,789689	0	0	0
14	7	29	16	2	5,826224	16,151217	33,862617	0,006279	0,033004	0,082695	0,587556	0,715785	0,789689	0	0	0
14	10	1	16	2	1,82181	11,706673	20,695755	0,006734	0,068837	0,314515	0,500356	0,680722	0,784	0	0	0
14	10	15	16	2	1,808298	12,559109	27,497837	0,007424	0,095024	0,314515	0,5008	0,660908	0,7808	0	0	0
14	10	29	16	2	1,82181	10,780056	18,114109	0,0179	0,070969	0,314515	0,500356	0,684106	0,794578	0	0	0
14	13	1	16	2	7,45841	15,206271	40,075878	0,012127	0,031634	0,063008	0,430756	0,652592	0,837956	0	0	0
14	13	15	16	2	2,37131	10,438754	40,075878	0,012127	0,082166	0,400978	0,527911	0,642817	0,786933	0	0	0
14	13	29	16	2	1,512169	9,543159	19,658621	0,012127	0,088021	0,448589	0,430756	0,64451	0,837956	0	0	0
25	1	1	16	2	8,369529	12,423834	19,052647	0,005794	0,022324	0,045106	0,7064	0,720915	0,747644	0	0	0
25	1	15	16	2	8,369529	11,234161	13,023743	0,011387	0,026044	0,045106	0,706933	0,717289	0,747644	0	0	0
25	1	29	16	2	9,376557	12,906828	17,030041	0,007729	0,021376	0,045106	0,706933	0,721732	0,757333	0	0	0
25	7	1	16	2	1,491162	6,235291	15,628569	0,013329	0,067278	0,170126	0,645244	0,689817	0,737067	0	0	0
25	7	15	16	2	1,389485	4,61898	10,177684	0,024967	0,120405	0,323905	0,615911	0,661917	0,721067	0	0	0
25	7	29	16	2	0,827532	 1.#INF00	 1.#INF00	0,015433	0,078992	0,336783	0,628533	0,697123	0,782756	0	0,2	1
25	13	1	16	2	0,537288	4,245781	7,867783	0,028975	0,099758	0,246072	0,587111	0,666983	0,722933	0	0	0
25	13	15	16	2	2,296773	4,921408	10,925591	0,041511	0,100642	0,147117	0,611644	0,663795	0,722933	0	0	0
25	13	29	16	2	0,537288	5,550737	11,12194	0,016184	0,097217	0,246072	0,565067	0,674297	0,750311	0	0	0
25	19	1	16	2	1,761756	3,663663	7,061825	0,026526	0,104104	0,164481	0,590489	0,654078	0,7184	0	0	0
25	19	15	16	2	1,539759	3,20167	7,061825	0,026526	0,121399	0,268194	0,536444	0,648654	0,7184	0	0	0
25	19	29	16	2	1,761756	3,602319	7,061825	0,026526	0,115122	0,166008	0,585956	0,662678	0,7184	0	0	0
25	25	1	16	2	2,403305	6,634684	21,304262	0,016016	0,074733	0,173432	0,477244	0,62275	0,720178	0	0	0
25	25	15	16	2	2,403305	4,02845	6,519079	0,023769	0,095215	0,173432	0,482222	0,615206	0,720178	0	0	0
25	25	29	16	2	2,403305	4,245239	6,519079	0,023769	0,097262	0,173432	0,482222	0,621411	0,720178	0	0	0
36	1	1	16	2	5,87784	7,60534	10,265495	0,00284	0,027232	0,04963	0,698133	0,710589	0,791556	0	0	0
36	1	15	16	2	5,87784	7,823165	9,1086	0,015154	0,029186	0,049822	0,698133	0,705461	0,713956	0	0	0
36	1	29	16	2	5,87784	8,372545	11,536091	0,00284	0,025953	0,050189	0,698133	0,707023	0,791556	0	0,2	1
36	9	1	16	2	0,93046	4,405241	8,985376	0,021739	0,088901	0,29898	0,633689	0,681404	0,719556	0	0	0
36	9	15	16	2	0,626207	3,957194	8,985376	0,021739	0,108996	0,492954	0,630844	0,672562	0,712356	0	0	0
36	9	29	16	2	0,816414	4,757867	11,898778	0,021583	0,093758	0,358207	0,630844	0,6765	0,712356	0	0	0
36	17	1	16	2	0,695117	4,182094	8,240192	0,02578	0,101753	0,391981	0,607289	0,659661	0,7056	0	0	0
36	17	15	16	2	1,168246	4,544933	8,240192	0,02578	0,065169	0,202086	0,608267	0,672644	0,710222	0	0	0
36	17	29	16	2	0,210889	2,82776	8,240192	0,02578	0,277627	1,888511	0,5656	0,645502	0,710133	0	0,2	1
36	25	1	16	2	1,025343	3,645568	8,167009	0,02711	0,169421	0,810699	0,555733	0,639323	0,711289	0	0	0
36	25	15	16	2	1,025343	4,20172	8,167009	0,02711	0,11745	0,810699	0,515644	0,621316	0,710844	0	0	0
36	25	29	16	2	1,025343	3,473477	8,167009	0,02711	0,165632	0,810699	0,555733	0,643386	0,711289	0	0	0
36	33	1	16	2	0,160951	2,370296	6,425006	0,049547	0,556588	1,691314	0,459822	0,592496	0,668533	0	0	0
36	33	15	16	2	0,160951	1,103281	1,751761	0,126863	0,542319	1,691314	0,459822	0,617045	0,693333	0	0	0
36	33	29	16	2	0,160951	2,547038	6,425006	0,049547	0,508228	1,691314	0,459822	0,59325	0,668533	1	0,2	1
3	1	1	16	502	22,971193	63,815144	128,362381	0,001152	0,012568	0,037051	0,7184	0,792039	0,899467	0	0	0
3	1	15	16	502	31,285391	91,403549	665,621094	0,000998	0,01332	0,03834	0,531467	0,782904	0,899467	0	0,2	1
3	1	29	16	502	28,465179	79,121376	710,455505	0,001178	0,019991	0,046868	0,540711	0,801075	0,942133	0	0	0
3	2	1	16	502	24,927696	64,034142	345,244263	0,002761	0,024548	0,042942	0,333333	0,611047	0,874578	0	0,2	1
3	2	15	16	502	13,760054	67,51255	483,024536	0,001926	0,040957	0,129742	0,333333	0,57431	0,885422	0	0,2	1
3	2	29	16	502	32,66415	46,170303	100,98806	0,009066	0,028809	0,048436	0,333333	0,606606	0,9272	0	0	0
3	3	1	16	502	14,353909	90,67366	361,420959	0,002914	0,025731	0,120541	0,333333	0,58967	0,9256	0	0,2	1
3	3	15	16	502	14,353909	62,506573	284,719086	0,002914	0,037349	0,120541	0,333333	0,489094	0,949867	0	0,2	1
3	3	29	16	502	36,284489	103,072609	309,851654	0,002719	0,018879	0,035153	0,333333	0,447169	0,974133	0	0,2	1
14	1	1	16	502	17,028421	23,996374	39,930874	0,004574	0,015	0,040071	0,719378	0,755057	0,850667	1	0,8	1
14	1	15	16	502	12,923218	22,497604	41,93063	0,004427	0,018728	0,048496	0,726933	0,755201	0,817244	0	0,6	1
14	1	29	16	502	13,644374	23,213703	36,051628	0,002722	0,013823	0,031706	0,712622	0,750352	0,829511	1	0,8	1
14	4	1	16	502	2,367001	11,385893	39,477547	0,005722	0,060069	0,186102	0,607378	0,713957	0,859467	1	0,8	1
14	4	15	16	502	1,294593	10,400926	34,585747	0,007992	0,072962	0,41136	0,580089	0,731553	0,834667	0	0,6	1
14	4	29	16	502	1,472212	12,386951	31,958109	0,003364	0,062629	0,454267	0,563111	0,719687	0,8144	1	0,8	1
14	7	1	16	502	5,749933	16,482124	31,637325	0,006869	0,036802	0,089622	0,520622	0,708512	0,811378	1	0,8	1
14	7	15	16	502	1,860919	13,276742	44,019405	0,009442	0,056789	0,290483	0,5096	0,684702	0,781689	1	0,6	1
14	7	29	16	502	0,7857	12,3278	31,784891	0,008929	0,112927	0,830318	0,5328	0,678372	0,803289	1	0,8	1
14	10	1	16	502	1,734011	8,167353	16,78994	0,028239	0,053452	0,146495	0,347467	0,609029	0,864978	1	0,6	1
14	10	15	16	502	2,250578	9,070702	27,873142	0,018036	0,092544	0,25514	0,366667	0,628854	0,812178	0	0,6	1
14	10	29	16	502	1,432966	9,585249	30,149677	0,009608	0,084557	0,348876	0,418933	0,627899	0,815911	1	0,8	1
14	13	1	16	502	3,146488	10,548997	24,755365	0,014236	0,048164	0,084517	0,347467	0,614438	0,852178	1	0,6	1
14	13	15	16	502	1,347991	 1.#INF00	 1.#INF00	0,005722	0,124856	0,484556	0,333333	0,615722	0,837422	1	0,6	1
14	13	29	16	502	0,993424	7,908265	22,330206	0,013561	0,131103	0,707317	0,333333	0,576593	0,791111	1	0,6	1
25	1	1	16	502	8,835566	12,166576	21,266724	0,009354	0,023851	0,05132	0,704089	0,715702	0,730489	3	3,2	4
25	1	15	16	502	9,211171	12,25454	20,751919	0,00871	0,024587	0,062877	0,705511	0,71932	0,738844	3	3	3
25	1	29	16	502	9,214364	11,375809	14,495021	0,007486	0,02683	0,04304	0,707644	0,719607	0,736889	3	3,2	4
25	7	1	16	502	0,416158	3,336069	14,269546	0,014651	0,258346	1,240747	0,570133	0,670458	0,758844	2	2,6	3
25	7	15	16	502	0,563484	2,922219	10,555367	0,037598	0,2716	1,217636	0,581333	0,672024	0,7488	2	2,8	3
25	7	29	16	502	1,023126	6,060755	13,014531	0,016305	0,075669	0,275998	0,440356	0,672861	0,7312	3	3	3
25	13	1	16	502	0,766698	4,635272	15,549896	0,015155	0,131104	1,041024	0,503733	0,657178	0,739733	2	2,6	3
25	13	15	16	502	1,616752	5,897293	14,875123	0,023091	0,084143	0,200656	0,466667	0,665285	0,771111	2	2,6	3
25	13	29	16	502	0,331273	3,947456	11,548612	0,024772	0,303373	1,298698	0,529867	0,664341	0,726133	2	2,6	3
25	19	1	16	502	0,860889	7,388273	17,533379	0,008202	0,064978	0,145725	0,333333	0,641521	0,857689	2	2,2	3
25	19	15	16	502	1,520571	4,339624	16,350437	0,020831	0,107879	0,274251	0,494756	0,624674	0,752889	2	2,6	3
25	19	29	16	502	0,902827	5,168496	14,073845	0,015009	0,101495	0,453889	0,445333	0,647548	0,740089	2	2,4	3
25	25	1	16	502	0,864138	4,566628	11,12119	0,01669	0,215135	0,887955	0,347467	0,578908	0,727022	2	2,2	3
25	25	15	16	502	0,588948	5,149426	15,76995	0,018673	0,147983	0,591026	0,333333	0,581319	0,7784	2	2,2	3
25	25	29	16	502	1,791034	6,852692	13,774858	0,021246	0,076188	0,3808	0,3632	0,570393	0,728356	2	2,2	3
36	1	1	16	502	6,121553	7,853849	12,499772	0,010845	0,030374	0,066457	0,696444	0,7032	0,723911	8	8,4	9
36	1	15	16	502	5,97683	7,793668	11,750698	0,007782	0,031351	0,06341	0,697333	0,703522	0,740978	8	8,6	9
36	1	29	16	502	5,658929	7,82627	11,619666	0,013807	0,029129	0,056669	0,697333	0,702586	0,712267	8	8,6	9
36	9	1	16	502	0,476965	2,613541	10,873991	0,022697	0,171818	0,336868	0,6232	0,66964	0,705067	7	7,6	8
36	9	15	16	502	0,318385	1,749173	7,179052	0,02598	0,291053	0,971543	0,5104	0,657389	0,714489	7	7,2	8
36	9	29	16	502	0,507993	2,686273	7,144308	0,013467	0,170092	0,593886	0,403289	0,629831	0,716267	6	7,2	8
36	17	1	16	502	0,770295	2,981988	6,924453	0,029488	0,157204	0,363055	0,523289	0,625347	0,715022	5	6,6	7
36	17	15	16	502	0,193385	 1.#INF00	 1.#INF00	0,041287	0,168294	0,636167	0,537067	0,6241	0,7104	6	6,6	7
36	17	29	16	502	0,641511	3,230951	8,761377	0,008697	0,095969	0,230836	0,538578	0,636711	0,735733	7	7,2	8
36	25	1	16	502	0,568909	 1.#INF00	 1.#INF00	0,035786	0,172375	0,850785	0,5248	0,615531	0,715556	6	6,4	7
36	25	15	16	502	0,968079	2,807933	6,059415	0,032186	0,146212	0,486205	0,484178	0,614742	0,715822	5	6,4	7
36	25	29	16	502	0,720427	3,484473	7,473667	0,033528	0,15559	0,427105	0,3816	0,576956	0,716	5	6,4	7
36	33	1	16	502	0,850191	 1.#INF00	 1.#INF00	0,019055	0,118867	0,42657	0,437422	0,610803	0,711289	5	6,2	7
36	33	15	16	502	0,826321	3,261543	9,643903	0,030959	0,159385	0,419079	0,416889	0,566523	0,716267	5	5,8	6
36	33	29	16	502	0,349042	0,948704	1,593463	0,188794	0,437685	0,752257	0,342578	0,563726	0,692	5	5,6	7
3	1	1	16	1002	31,62678	74,519905	662,085083	0,000853	0,022958	0,041659	0,502844	0,81994	0,906133	1	0,4	1
3	1	15	16	1002	21,430044	134,566422	938,588867	0,000853	0,015726	0,049666	0,385244	0,794809	0,9272	0	0,2	1
3	1	29	16	1002	28,847094	76,277176	450,791901	0,001517	0,016636	0,04579	0,417956	0,801112	0,9192	0	0,2	1
3	2	1	16	1002	17,734337	87,325989	783,40741	0,001325	0,036234	0,109058	0,333333	0,618862	0,8688	0	0,2	1
3	2	15	16	1002	29,896036	73,834877	222,783859	0,002435	0,017822	0,039173	0,333333	0,585373	0,897511	0	0,4	1
3	2	29	16	1002	18,202261	65,051491	295,674133	0,003772	0,043059	0,092295	0,333333	0,516048	0,911378	0	0,2	1
3	3	1	16	1002	17,731638	51,053596	158,830933	0,008429	0,042444	0,110012	0,333333	0,593189	0,942133	0	0,2	1
3	3	15	16	1002	18,846077	52,49609	76,948006	0,010358	0,027722	0,079524	0,333333	0,470256	0,912978	0	0,4	1
3	3	29	16	1002	34,82214	45,313618	80,227051	0,00289	0,021056	0,040301	0,333333	0,604839	0,9272	1	0,4	1
14	1	1	16	1002	11,207055	25,703854	157,494904	0,00209	0,017211	0,047744	0,732533	0,762786	0,822222	1	1,4	2
14	1	15	16	1002	13,054207	21,155163	39,825108	0,005467	0,018037	0,038666	0,719111	0,749704	0,816978	1	1,6	2
14	1	29	16	1002	14,481908	21,442905	28,502462	0,007251	0,017198	0,051435	0,7288	0,748666	0,800089	1	1,6	2
14	4	1	16	1002	1,003216	9,073129	36,160961	0,012326	0,147163	0,763075	0,559911	0,732918	0,833067	1	1,4	2
14	4	15	16	1002	1,150776	8,971043	25,854546	0,009709	0,069901	0,396108	0,422933	0,693533	0,806844	1	1,4	2
14	4	29	16	1002	1,262214	9,97009	36,944359	0,007111	0,08204	0,402583	0,591022	0,710429	0,804889	1	1,4	2
14	7	1	16	1002	1,017684	10,35739	36,447197	0,006267	0,085354	0,483816	0,471644	0,676036	0,862222	1	1,2	2
14	7	15	16	1002	0,819526	10,724576	28,948986	0,011342	0,088867	0,577788	0,352533	0,700488	0,927556	1	1,4	2
14	7	29	16	1002	2,257235	13,159646	40,453552	0,007233	0,067747	0,239914	0,517156	0,713283	0,8688	1	1,4	2
14	10	1	16	1002	3,351233	12,186759	35,086525	0,006973	0,057727	0,176214	0,333333	0,650129	0,879467	1	1,2	2
14	10	15	16	1002	1,46727	11,357609	36,246105	0,0121	0,102055	0,636487	0,419733	0,628901	0,766933	1	1,2	2
14	10	29	16	1002	2,439032	11,693252	21,573366	0,016067	0,051146	0,157963	0,333333	0,583542	0,800533	1	1,2	2
14	13	1	16	1002	2,033055	9,059891	26,033546	0,014784	0,124954	0,506648	0,333333	0,614588	0,794578	1	1,2	2
14	13	15	16	1002	1,502894	10,583282	25,498943	0,006333	0,070328	0,392906	0,333333	0,613298	0,899733	1	1,2	2
14	13	29	16	1002	1,411372	10,568624	35,720734	0,011234	0,093507	0,312608	0,333333	0,650756	0,809689	1	1,4	2
25	1	1	16	1002	8,866386	12,491886	19,270887	0,006508	0,022584	0,05233	0,705156	0,720069	0,750133	6	6	6
25	1	15	16	1002	9,267835	12,861773	20,058884	0,006196	0,024791	0,055132	0,705511	0,718534	0,750311	6	6,2	7
25	1	29	16	1002	9,432134	12,855446	28,53981	0,004891	0,02557	0,050069	0,7088	0,717578	0,745244	6	6,2	7
25	7	1	16	1002	0,548893	4,735997	20,545097	0,013812	0,173661	0,924239	0,518311	0,682162	0,764356	5	5,4	6
25	7	15	16	1002	0,925735	3,816489	10,48753	0,023008	0,117896	0,293182	0,534311	0,70113	0,828978	5	5,4	6
25	7	29	16	1002	0,387799	3,945967	8,848945	0,032688	0,15284	1,022063	0,488711	0,65588	0,728889	5	5,6	6
25	13	1	16	1002	1,120833	5,255524	16,45879	0,018498	0,137655	0,670987	0,427467	0,621411	0,714044	4	4,8	6
25	13	15	16	1002	0,34795	3,032319	11,026459	0,024585	0,257898	1,51238	0,513867	0,661574	0,8616	5	5,2	6
25	13	29	16	1002	0,623864	6,65573	42,592262	0,002316	0,107851	0,399595	0,453244	0,67136	0,776978	4	5,4	6
25	19	1	16	1002	0,530436	3,659592	12,616696	0,035556	0,260661	1,407015	0,395556	0,595669	0,748978	4	4,6	5
25	19	15	16	1002	0,756079	5,157915	10,258041	0,010125	0,1619	0,594815	0,440622	0,606077	0,740089	4	4,6	5
25	19	29	16	1002	0,932887	2,770222	10,18154	0,024869	0,257218	0,511984	0,393689	0,584898	0,720356	4	4,8	5
25	25	1	16	1002	1,586051	2,864742	5,78138	0,063957	0,147527	0,297937	0,370311	0,58897	0,751022	4	4	4
25	25	15	16	1002	3,173153	4,862234	8,492633	0,038257	0,093506	0,150911	0,333333	0,533552	0,76	3	3,8	5
25	25	29	16	1002	1,346933	7,081252	11,112543	0,035537	0,092558	0,252009	0,333333	0,583369	0,723644	3	3,8	5
36	1	1	16	1002	6,38057	8,097696	11,460285	0,009336	0,030747	0,053833	0,697867	0,702617	0,713067	17	17	17
36	1	15	16	1002	6,134259	7,766176	13,665276	0,008494	0,031569	0,071333	0,6968	0,704967	0,717244	16	16,8	18
36	1	29	16	1002	6,092733	7,809666	10,464295	0,01543	0,032866	0,080779	0,697867	0,705481	0,7272	17	17	17
36	9	1	16	1002	0,374633	 1.#INF00	 1.#INF00	0,015506	0,208607	0,69185	0,610667	0,664274	0,719467	14	15	16
36	9	15	16	1002	0,636067	 1.#INF00	 1.#INF00	0,026078	0,108614	0,386988	0,561511	0,649432	0,708356	13	14	15
36	9	29	16	1002	0,365942	2,228649	7,324862	0,028059	0,175912	0,601428	0,604	0,664836	0,732978	15	15,4	16
36	17	1	16	1002	0,454035	2,873731	10,016014	0,022748	0,174603	0,527289	0,342578	0,611482	0,723911	11	13,4	15
36	17	15	16	1002	1,098042	2,716794	5,838521	0,045667	0,145994	0,352451	0,545156	0,627207	0,732	13	13,6	14
36	17	29	16	1002	0,933117	2,49529	6,366529	0,037062	0,161277	0,37545	0,566311	0,6598	0,722844	13	14	15
36	25	1	16	1002	0,640265	3,43434	6,606082	0,046766	0,222483	1,082782	0,450222	0,604753	0,717422	11	12	13
36	25	15	16	1002	0,708918	2,074223	7,270931	0,031983	0,22266	0,786813	0,347467	0,589099	0,708711	11	12,2	13
36	25	29	16	1002	0,257263	2,983812	9,495179	0,020326	0,29673	2,017615	0,342222	0,565816	0,708533	9	11,4	13
36	33	1	16	1002	0,473955	 1.#INF00	 1.#INF00	0,06482	0,270274	0,652015	0,395467	0,565967	0,699556	8	10,8	14
36	33	15	16	1002	0,457345	1,728404	5,185654	0,081806	0,333116	1,035387	0,373422	0,562929	0,707822	10	12	14
36	33	29	16	1002	1,087034	4,13838	8,721504	0,018943	0,133051	0,511975	0,4872	0,589993	0,706578	10	11,6	13
3	1	1	64	2	26,678881	93,598419	366,889893	0,001568	0,014974	0,053576	0,537867	0,790275	0,957422	0	0	0
3	1	15	64	2	26,678881	134,715576	1502,163696	0,000828	0,016479	0,053576	0,42	0,788638	0,957422	0	0	0
3	1	29	64	2	26,255453	121,529274	972,325867	0,000871	0,015823	0,053576	0,390311	0,773409	0,957422	0	0	0
3	2	1	64	2	20,438328	69,687531	427,535797	0,001564	0,021459	0,077831	0,333333	0,646439	0,957778	0	0	0
3	2	15	64	2	20,438328	91,619469	669,576233	0,001315	0,020316	0,077831	0,333333	0,669062	0,957778	0	0	0
3	2	29	64	2	20,815351	74,667961	231,596313	0,001718	0,021976	0,08249	0,333333	0,664196	0,957778	0	0	0
3	3	1	64	2	21,313023	116,118752	1272,754517	0,001196	0,020249	0,089289	0,333333	0,624762	0,957244	0	0	0
3	3	15	64	2	17,9879	92,602745	673,850586	0,001511	0,021956	0,089289	0,333333	0,595945	0,957244	0	0	0
3	3	29	64	2	21,223988	83,462753	673,850586	0,001511	0,023578	0,091672	0,333333	0,560134	0,957244	0	0	0
14	1	1	64	2	12,65637	24,379009	58,041744	0,002872	0,015535	0,053501	0,716	0,76028	0,846578	0	0,2	1
14	1	15	64	2	14,314949	23,920736	60,203575	0,003518	0,01544	0,049127	0,720622	0,754695	0,823911	0	0	0
14	1	29	64	2	12,65637	23,811831	50,436977	0,003518	0,015503	0,047645	0,725156	0,756068	0,814844	0	0	0
14	4	1	64	2	1,91609	 1.#INF00	 1.#INF00	0,006632	0,038934	0,227205	0,632622	0,724857	0,824356	0	0	0
14	4	15	64	2	2,328623	14,25575	36,717182	0,006784	0,038912	0,199332	0,631556	0,729233	0,809867	0	0	0
14	4	29	64	2	2,328623	15,46286	74,87413	0,004482	0,037343	0,199403	0,6328	0,725772	0,824356	0	0	0
14	7	1	64	2	1,408463	12,137177	34,846317	0,006327	0,060338	0,307756	0,54	0,690926	0,808356	0	0	0
14	7	15	64	2	1,390218	11,430971	30,057436	0,006762	0,066125	0,394662	0,563467	0,688085	0,806933	0	0	0
14	7	29	64	2	1,390218	11,867556	28,098764	0,006706	0,063311	0,437913	0,539289	0,691428	0,806933	0	0	0
14	10	1	64	2	0,964551	10,13118	32,208557	0,010126	0,087364	0,84685	0,398756	0,662073	0,783733	0	0	0
14	10	15	64	2	0,964551	8,839794	37,531075	0,00994	0,103334	0,84685	0,4024	0,653194	0,847022	0	0,2	1
14	10	29	64	2	1,503763	11,415835	55,906635	0,005934	0,073385	0,32052	0,482756	0,672242	0,797067	0	0	0
14	13	1	64	2	0,949201	6,853373	18,708527	0,010012	0,149439	0,767494	0,351467	0,613468	0,8408	0	0	0
14	13	15	64	2	1,547612	7,899843	23,085287	0,014107	0,125933	0,767494	0,366667	0,614223	0,820711	0	0	0
14	13	29	64	2	0,865058	9,471554	47,307491	0,00867	0,124823	0,76213	0,366667	0,611118	0,846844	0	0	0
25	1	1	64	2	8,734547	12,431085	24,581575	0,006589	0,025396	0,057844	0,708711	0,721488	0,756089	0	0	0
25	1	15	64	2	8,644573	12,376322	24,581575	0,006589	0,025273	0,057844	0,699911	0,72149	0,7408	0	0	0
25	1	29	64	2	8,518986	12,431353	21,134811	0,006589	0,022615	0,06145	0,700178	0,719188	0,776444	0	0,2	1
25	7	1	64	2	0,375403	 1.#INF00	 1.#INF00	0,009544	0,098063	0,601756	0,612889	0,689226	0,757067	0	0	0
25	7	15	64	2	0,375403	 1.#INF00	 1.#INF00	0,008863	0,087009	0,601756	0,612889	0,691522	0,757067	0	0	0
25	7	29	64	2	0,375403	5,426556	21,238482	0,005297	0,095193	0,601756	0,618222	0,687083	0,761689	1	0,2	1
25	13	1	64	2	0,400521	5,962118	16,37212	0,010742	0,177048	1,991405	0,547467	0,663104	0,763644	0	0	0
25	13	15	64	2	0,467202	5,705797	16,75337	0,010742	0,134574	1,991405	0,501511	0,662397	0,763644	0	0	0
25	13	29	64	2	0,473	5,891962	16,75337	0,010311	0,110426	1,394898	0,550844	0,657394	0,763644	0	0	0
25	19	1	64	2	0,619704	5,069839	17,503801	0,008071	0,131452	1,181382	0,456622	0,626122	0,733511	1	0,2	1
25	19	15	64	2	1,254079	3,7426	18,07696	0,022689	0,139686	0,337923	0,450222	0,597183	0,740178	0	0	0
25	19	29	64	2	0,295069	4,964144	18,07696	0,007953	0,120488	0,603492	0,465244	0,623039	0,747378	0	0	0
25	25	1	64	2	0,573698	6,509598	15,755973	0,015491	0,164037	1,234015	0,375556	0,600743	0,724	0	0	0
25	25	15	64	2	1,222792	5,245347	15,755973	0,011485	0,132628	0,355745	0,375556	0,592141	0,757689	0	0	0
25	25	29	64	2	0,470665	 1.#INF00	 1.#INF00	0,011485	0,176451	1,234015	0,347467	0,60009	0,739378	0	0,2	1
36	1	1	64	2	5,940973	7,75767	12,160255	0,008732	0,029704	0,073198	0,697244	0,704762	0,750667	0	0	0
36	1	15	64	2	5,372465	8,204544	13,916134	0,006691	0,027997	0,077552	0,694844	0,704198	0,7224	0	0,2	1
36	1	29	64	2	5,372465	7,996581	13,116856	0,006064	0,030183	0,089123	0,696178	0,704479	0,733867	0	0,2	1
36	9	1	64	2	0,392536	 1.#INF00	 1.#INF00	0,031202	0,15089	0,77658	0,632178	0,672186	0,714222	0	0	0
36	9	15	64	2	0,381077	 1.#INF00	 1.#INF00	0,009984	0,109696	0,574303	0,632178	0,676489	0,728267	0	0,2	1
36	9	29	64	2	0,671255	 1.#INF00	 1.#INF00	0,012047	0,098956	0,403673	0,6288	0,678485	0,715289	0	0,2	1
36	17	1	64	2	0,268336	2,5857	8,457224	0,023367	0,233407	1,138409	0,532089	0,641722	0,706222	0	0	0
36	17	15	64	2	0,263666	 1.#INF00	 1.#INF00	0,020616	0,215589	1,30902	0,540889	0,648606	0,736444	0	0,2	1
36	17	29	64	2	0,235964	 1.#INF00	 1.#INF00	0,009586	0,185889	1,596057	0,547289	0,643679	0,719644	0	0,2	1
36	25	1	64	2	0,412272	2,264106	8,526783	0,0298	0,247652	0,955037	0,515822	0,625666	0,7096	0	0	0
36	25	15	64	2	0,230344	2,558847	9,482768	0,018902	0,229734	1,895275	0,429956	0,626783	0,719644	0	0,2	1
36	25	29	64	2	0,243454	2,752539	7,908927	0,01969	0,26697	1,895275	0,429956	0,621714	0,710222	0	0	0
36	33	1	64	2	0,488052	2,744806	7,372166	0,021607	0,277506	1,181524	0,378489	0,578147	0,736178	0	0,2	1
36	33	15	64	2	0,549551	2,442637	7,843834	0,024767	0,365258	1,181524	0,396978	0,582245	0,702311	0	0	0
36	33	29	64	2	0,36715	 1.#INF00	 1.#INF00	0,024767	0,373321	2,397949	0,355644	0,58125	0,716089	0	0,2	1
3	1	1	64	502	21,275335	87,008766	1258,645142	0,000595	0,017221	0,049944	0,380533	0,79816	0,957778	1	0,6	1
3	1	15	64	502	20,722948	101,498169	2146,945557	0,000354	0,016579	0,051376	0,385244	0,77491	0,965867	0	0,4	1
3	1	29	64	502	24,241407	88,21489	1008,703613	0,000372	0,016637	0,050817	0,447022	0,789112	0,957778	1	0,8	1
3	2	1	64	502	27,836756	81,932831	399,16214	0,000928	0,018852	0,054993	0,333333	0,570268	0,965867	0	0,4	1
3	2	15	64	502	15,818033	77,28447	278,487183	0,001337	0,027715	0,116563	0,333333	0,5302	0,965867	1	0,8	1
3	2	29	64	502	31,116087	103,577339	683,850891	0,001209	0,015389	0,054015	0,333333	0,513104	0,925422	1	0,8	1
3	3	1	64	502	13,790853	89,735695	839,817078	0,000945	0,03404	0,117902	0,333333	0,560282	0,957778	1	0,6	1
3	3	15	64	502	20,492823	107,842415	969,820618	0,000961	0,023016	0,083159	0,333333	0,510527	0,949422	1	0,6	1
3	3	29	64	502	17,012646	101,828384	754,389832	0,000944	0,020812	0,085783	0,333333	0,493707	0,949867	0	0,8	1
14	1	1	64	502	11,188663	21,091555	55,940426	0,003691	0,018101	0,053163	0,718578	0,762491	0,829511	3	3,2	4
14	1	15	64	502	13,075233	21,605997	42,563847	0,00519	0,016367	0,057402	0,723822	0,765932	0,837333	3	3	3
14	1	29	64	502	13,017144	20,670242	44,136761	0,003724	0,01847	0,053862	0,714756	0,762703	0,828089	3	3,2	4
14	4	1	64	502	1,403255	 1.#INF00	 1.#INF00	0,008063	0,054406	0,215887	0,333333	0,587816	0,874044	2	2,4	3
14	4	15	64	502	1,215036	10,154277	32,107803	0,007625	0,0884	0,75227	0,333333	0,617761	0,817156	2	2,4	3
14	4	29	64	502	0,730091	11,39432	29,044626	0,006868	0,091006	0,774171	0,333333	0,685858	0,885422	2	2,6	3
14	7	1	64	502	1,333298	 1.#INF00	 1.#INF00	0,005846	0,064799	0,403677	0,333333	0,640841	0,8816	2	2,2	3
14	7	15	64	502	1,072887	9,798473	36,919209	0,009379	0,094804	0,360605	0,333333	0,648733	0,819022	2	2,6	3
14	7	29	64	502	1,454676	11,261434	43,246483	0,00839	0,090308	0,317786	0,333333	0,637158	0,9016	2	2,4	3
14	10	1	64	502	0,877259	9,361643	24,551399	0,00496	0,140878	0,872652	0,333333	0,676918	0,852533	2	2,4	3
14	10	15	64	502	1,410294	10,121909	25,811235	0,006646	0,106403	0,564015	0,333333	0,648787	0,965867	2	2,2	3
14	10	29	64	502	1,465046	11,977884	24,980299	0,010086	0,056548	0,337762	0,333333	0,657675	0,921067	2	2,6	3
14	13	1	64	502	1,390032	11,441741	25,502237	0,008314	0,086336	0,540853	0,333333	0,58726	0,872622	2	2	2
14	13	15	64	502	2,184714	10,232901	29,382462	0,008006	0,075894	0,321361	0,333333	0,566078	0,934578	2	2,4	3
14	13	29	64	502	2,568228	13,769588	31,574657	0,012958	0,064032	0,443805	0,333333	0,55923	0,832178	1	2	3
25	1	1	64	502	8,680246	11,483234	22,860319	0,005171	0,029138	0,077024	0,7032	0,720081	0,748356	12	12,6	13
25	1	15	64	502	8,695586	12,23566	22,864748	0,004903	0,023391	0,074238	0,707289	0,721001	0,753867	12	12,4	13
25	1	29	64	502	7,942865	12,260036	25,03709	0,005356	0,025289	0,073986	0,705333	0,717311	0,762133	12	12,6	13
25	7	1	64	502	0,323846	4,495535	11,590629	0,014303	0,171126	0,844151	0,333333	0,606997	0,795467	8	8,2	9
25	7	15	64	502	0,894076	 1.#INF00	 1.#INF00	0,01927	0,172623	0,555212	0,333333	0,546362	0,821422	7	7,8	9
25	7	29	64	502	0,580971	5,319827	14,841082	0,007925	0,100129	0,329725	0,333333	0,583226	0,803733	7	8,2	9
25	13	1	64	502	1,461349	7,024375	37,351643	0,007306	0,086629	0,215412	0,333333	0,607553	0,777778	6	7,4	8
25	13	15	64	502	1,613836	4,971799	14,187741	0,019051	0,117051	0,40716	0,333333	0,677567	0,852444	7	8,2	9
25	13	29	64	502	0,505667	3,444392	13,344714	0,014419	0,229252	0,726474	0,333333	0,517013	0,780533	6	7	8
25	19	1	64	502	0,603791	4,186555	14,322361	0,017287	0,178701	0,83542	0,337867	0,54752	0,774667	7	7,8	9
25	19	15	64	502	0,771695	3,465729	9,661259	0,037151	0,146339	0,377163	0,333333	0,57153	0,784978	5	7	8
25	19	29	64	502	0,686324	6,240379	15,519985	0,013983	0,089048	0,209182	0,333333	0,545327	0,792089	7	7	7
25	25	1	64	502	0,338905	5,310529	11,082128	0,02197	0,188116	1,004058	0,333333	0,534794	0,8168	6	6,8	8
25	25	15	64	502	0,541842	5,105693	11,241367	0,015087	0,146348	1,624894	0,333333	0,493386	0,749778	6	6,4	8
25	25	29	64	502	1,096018	7,117489	12,153301	0,014692	0,106384	0,526016	0,333333	0,523018	0,762756	5	6,4	8
36	1	1	64	502	5,737916	7,848122	12,142661	0,008424	0,033914	0,081185	0,695644	0,703072	0,724533	33	34	35
36	1	15	64	502	5,884421	7,758063	11,917675	0,010433	0,035743	0,091145	0,694222	0,701254	0,723022	33	33,8	35
36	1	29	64	502	5,497383	7,433561	11,381394	0,015784	0,03552	0,091998	0,695644	0,702829	0,718489	34	34,4	35
36	9	1	64	502	0,24061	2,337574	5,923046	0,02871	0,19974	1,104492	0,333333	0,56082	0,765778	14	18,6	25
36	9	15	64	502	0,653713	3,58035	7,728233	0,036231	0,137182	0,418735	0,333333	0,576669	0,8056	14	19,8	25
36	9	29	64	502	0,273806	3,080741	7,34453	0,036812	0,342145	1,290733	0,333333	0,558314	0,818222	15	18,4	22
36	17	1	64	502	0,490649	 1.#INF00	 1.#INF00	0,034536	0,449641	1,766554	0,333333	0,507463	0,787733	17	18,2	20
36	17	15	64	502	0,663934	2,845959	7,350107	0,035353	0,183949	0,57401	0,333333	0,576563	0,818933	17	21,4	24
36	17	29	64	502	0,603867	2,163086	7,11395	0,044535	0,229531	0,585199	0,333333	0,566988	0,769244	15	18,4	20
36	25	1	64	502	0,655603	3,339584	7,994503	0,021497	0,148367	0,552964	0,333333	0,496717	0,774489	14	16,6	19
36	25	15	64	502	0,686414	4,024323	9,484353	0,018619	0,143925	0,444766	0,333333	0,48699	0,778578	14	15,8	20
36	25	29	64	502	0,286641	2,509827	7,013516	0,028093	0,263281	1,436164	0,333333	0,541896	0,754311	16	18	20
36	33	1	64	502	0,818208	4,462067	9,884273	0,01682	0,089031	0,252519	0,333333	0,506362	0,768622	13	15,6	18
36	33	15	64	502	0,52199	3,479856	8,741912	0,02457	0,177937	0,580819	0,333333	0,482409	0,707733	14	15,6	17
36	33	29	64	502	1,038297	4,054765	8,293623	0,020467	0,103678	0,326992	0,333333	0,492647	0,712889	12	15,6	19
3	1	1	64	1002	26,837494	89,915871	882,151367	0,000903	0,017295	0,056573	0,396356	0,807925	0,974133	1	1	1
3	1	15	64	1002	25,632446	94,37648	1336,261719	0,000593	0,015653	0,053626	0,373511	0,786249	0,974133	1	1,2	2
3	1	29	64	1002	27,347071	99,671539	2208,493408	0,000326	0,01468	0,054903	0,352267	0,792924	0,957422	1	1,2	2
3	2	1	64	1002	14,822882	101,515862	903,545227	0,000978	0,026007	0,113476	0,333333	0,57256	0,949867	1	1	1
3	2	15	64	1002	11,755552	56,362064	576,489441	0,001677	0,042226	0,124818	0,333333	0,531718	0,965867	1	1,4	2
3	2	29	64	1002	13,04976	90,293053	676,547852	0,000383	0,036307	0,12147	0,333333	0,501651	0,906133	1	1,6	2
3	3	1	64	1002	12,70906	102,061653	602,948303	0,00182	0,02159	0,129876	0,333333	0,571801	0,957778	1	1,2	2
3	3	15	64	1002	14,311128	102,081947	552,223145	0,001661	0,020561	0,133829	0,333333	0,479511	0,933956	1	1,2	2
3	3	29	64	1002	15,113119	71,156525	573,046387	0,001351	0,039232	0,118567	0,333333	0,49809	0,92	1	1,8	2
14	1	1	64	1002	12,839604	20,705614	48,51001	0,004706	0,017262	0,052534	0,7256	0,76828	0,8376	6	6,2	7
14	1	15	64	1002	11,791613	21,984682	66,845169	0,002821	0,019623	0,050514	0,725067	0,761084	0,826578	6	6,2	7
14	1	29	64	1002	12,650282	20,331448	57,753304	0,001843	0,01958	0,045955	0,722933	0,766607	0,842933	6	6,4	7
14	4	1	64	1002	0,976602	9,049322	34,317039	0,003835	0,166371	0,855188	0,333333	0,702384	0,895911	5	5	5
14	4	15	64	1002	1,017526	10,195807	33,886272	0,006764	0,069645	0,617565	0,333333	0,647705	0,852356	4	5	6
14	4	29	64	1002	1,005322	10,952126	44,030834	0,006794	0,097556	0,63456	0,333333	0,680617	0,8688	5	5,2	6
14	7	1	64	1002	1,074342	9,695242	52,801708	0,006814	0,2013	1,116607	0,333333	0,636163	0,957778	4	4,6	5
14	7	15	64	1002	0,96863	10,0279	26,110949	0,010168	0,090912	0,495525	0,333333	0,650936	0,965867	4	4,6	5
14	7	29	64	1002	1,298844	 1.#INF00	 1.#INF00	0,004599	0,113154	0,597684	0,333333	0,61874	0,840444	4	4,8	6
14	10	1	64	1002	1,631848	13,903873	29,807606	0,00792	0,07049	0,309612	0,333333	0,675781	0,873067	4	4,6	5
14	10	15	64	1002	0,932216	7,481388	24,431168	0,014562	0,141745	0,673941	0,333333	0,565198	0,8688	4	4,6	5
14	10	29	64	1002	1,545365	14,957787	112,867401	0,003013	0,071853	0,383533	0,333333	0,654471	0,929333	4	4,6	5
14	13	1	64	1002	1,183167	 1.#INF00	 1.#INF00	0,009336	0,104554	0,603787	0,333333	0,60949	0,8064	4	4,2	5
14	13	15	64	1002	0,990481	11,242297	36,501778	0,004262	0,146869	0,651749	0,333333	0,574655	0,807733	4	4,4	5
14	13	29	64	1002	1,062338	12,348168	28,351141	0,009802	0,081886	0,510358	0,333333	0,581362	0,861333	4	4,2	5
25	1	1	64	1002	7,939476	10,716833	20,152555	0,006292	0,033611	0,066906	0,705867	0,718508	0,739378	24	24,8	25
25	1	15	64	1002	8,005361	10,878057	19,453011	0,006578	0,030897	0,073236	0,706222	0,724915	0,800978	25	25	25
25	1	29	64	1002	8,671582	12,198284	21,855122	0,006176	0,026572	0,066883	0,707111	0,720782	0,748178	24	24,8	25
25	7	1	64	1002	0,408754	5,070792	14,370784	0,016154	0,129617	0,783928	0,333333	0,597449	0,828978	14	14,8	16
25	7	15	64	1002	0,652034	 1.#INF00	 1.#INF00	0,018703	0,100327	0,426685	0,333333	0,617606	0,800533	14	16	19
25	7	29	64	1002	0,542473	4,406196	13,785776	0,013624	0,15925	0,701603	0,333333	0,650565	0,774311	16	17,8	19
25	13	1	64	1002	0,617137	 1.#INF00	 1.#INF00	0,008192	0,139936	0,991751	0,333333	0,582848	0,7792	13	14	16
25	13	15	64	1002	0,635743	6,082921	12,604357	0,024574	0,078786	0,493247	0,333333	0,597506	0,757778	13	15,8	18
25	13	29	64	1002	0,332496	4,142143	13,671421	0,010568	0,154621	0,810783	0,333333	0,593705	0,777867	11	16,2	20
25	19	1	64	1002	3,170821	6,244083	11,056187	0,034614	0,073749	0,151907	0,333333	0,579663	0,779822	13	13,4	15
25	19	15	64	1002	0,344313	5,784346	14,140105	0,015728	0,140772	0,745314	0,333333	0,614096	0,797689	13	14,8	16
25	19	29	64	1002	1,644526	5,360038	11,524973	0,036072	0,10877	0,289928	0,333333	0,510482	0,812089	11	12,8	15
25	25	1	64	1002	1,397838	3,971647	12,733336	0,040752	0,128199	0,266952	0,333333	0,521839	0,742933	11	13	15
25	25	15	64	1002	1,146588	3,754077	6,864787	0,028377	0,135151	0,479308	0,333333	0,505334	0,798844	10	12,2	17
25	25	29	64	1002	1,973631	4,424878	9,383506	0,049195	0,09322	0,180595	0,333333	0,513136	0,786044	10	12	14
36	1	1	64	1002	5,655553	7,7522	11,324764	0,010287	0,033352	0,0792	0,691467	0,701718	0,719467	68	68	68
36	1	15	64	1002	5,829226	7,646185	12,939997	0,009649	0,034507	0,078504	0,694844	0,701386	0,718844	66	67,4	68
36	1	29	64	1002	5,559122	7,513803	11,813114	0,011829	0,039412	0,094999	0,694844	0,700497	0,730844	67	68	69
36	9	1	64	1002	0,367928	3,033427	7,317314	0,014505	0,157631	1,028132	0,333333	0,634866	0,778578	32	42	53
36	9	15	64	1002	0,72315	 1.#INF00	 1.#INF00	0,026117	0,168418	0,391512	0,333333	0,538691	0,760356	32	36,4	40
36	9	29	64	1002	0,363545	4,046052	11,168998	0,01392	0,160682	1,47161	0,333333	0,557319	0,777778	27	37	49
36	17	1	64	1002	0,516693	3,412362	6,545241	0,026625	0,202574	0,647758	0,333333	0,608682	0,856533	28	34,6	46
36	17	15	64	1002	0,728036	4,256434	7,828196	0,018338	0,134936	0,539321	0,333333	0,520519	0,788178	26	34,2	42
36	17	29	64	1002	0,604231	4,6497	7,766331	0,030418	0,152638	0,80402	0,333333	0,488176	0,7512	29	31	34
36	25	1	64	1002	0,971649	3,849093	10,077012	0,019288	0,129769	0,466949	0,333333	0,558528	0,794756	31	33	37
36	25	15	64	1002	0,715298	2,424884	4,268134	0,05861	0,144286	0,472837	0,333333	0,522158	0,746756	28	32,8	37
36	25	29	64	1002	0,830223	3,233847	7,571497	0,020607	0,159044	0,509992	0,333333	0,511706	0,769244	25	32	38
36	33	1	64	1002	0,516892	2,417937	5,575406	0,042986	0,296093	1,597656	0,333333	0,464607	0,748889	25	28	31
36	33	15	64	1002	0,613511	3,289807	9,767302	0,021594	0,195591	0,457135	0,333333	0,469514	0,748	21	27,4	32
36	33	29	64	1002	0,867659	4,048551	14,27373	0,017395	0,127014	0,293154	0,333333	0,48471	0,777867	23	27,8	32
3	1	1	256	2	28,807198	87,890678	1444,354126	0,000588	0,016075	0,057454	0,392978	0,798632	0,965867	0	0	0
3	1	15	256	2	22,749252	103,866592	1577,834106	0,000338	0,014909	0,057454	0,3848	0,788717	0,957422	0	0	0
3	1	29	256	2	22,824987	97,4702	1658,357422	0,000522	0,015207	0,057454	0,392978	0,789277	0,965867	0	0,2	1
3	2	1	256	2	13,002465	95,214592	1388,310181	0,000509	0,024697	0,136648	0,333333	0,674726	0,973956	0	0	0
3	2	15	256	2	14,661192	98,614067	1297,015625	0,000633	0,024787	0,122441	0,333333	0,665722	0,973956	0	0	0
3	2	29	256	2	12,156474	80,480988	1069,976929	0,000721	0,02676	0,136648	0,333333	0,668835	0,949422	0	0	0
3	3	1	256	2	14,278194	87,816216	1461,575562	0,000591	0,026164	0,1218	0,333333	0,627486	0,965867	0	0	0
3	3	15	256	2	14,278194	87,336472	1215,841064	0,000373	0,028975	0,1218	0,333333	0,611175	0,9656	0	0	0
3	3	29	256	2	11,281001	79,588844	768,559082	0,001038	0,027526	0,1218	0,333333	0,589244	0,982578	0	0,2	1
14	1	1	256	2	12,151057	22,438457	55,228939	0,002354	0,018074	0,055926	0,719733	0,757363	0,832356	0	0	0
14	1	15	256	2	12,151057	22,880356	54,560116	0,003142	0,017533	0,054607	0,723733	0,757447	0,832356	0	0	0
14	1	29	256	2	11,615451	23,672314	110,485977	0,000645	0,017472	0,062633	0,6984	0,755551	0,841511	0	0,2	1
14	4	1	256	2	1,068277	 1.#INF00	 1.#INF00	0,00434	0,044824	0,447205	0,563822	0,724172	0,845689	0	0	0
14	4	15	256	2	1,069877	 1.#INF00	 1.#INF00	0,001936	0,045907	0,447205	0,552267	0,719083	0,845956	0	0,2	1
14	4	29	256	2	1,14692	 1.#INF00	 1.#INF00	0,002825	0,056049	0,473648	0,5928	0,715392	0,845956	0	0	0
14	7	1	256	2	0,779566	10,952687	44,300144	0,005395	0,078462	0,579372	0,446489	0,686377	0,873333	0	0	0
14	7	15	256	2	0,779566	 1.#INF00	 1.#INF00	0,003598	0,072497	0,75043	0,499467	0,6907	0,859289	0	0,2	1
14	7	29	256	2	0,803738	 1.#INF00	 1.#INF00	0,003598	0,077097	0,75043	0,479111	0,692355	0,811644	0	0	0
14	10	1	256	2	0,867377	11,239882	85,344009	0,003289	0,080667	0,569606	0,3792	0,657514	0,846489	0	0	0
14	10	15	256	2	0,817555	11,705482	74,46489	0,003289	0,078092	0,831255	0,373511	0,667113	0,846489	0	0,2	1
14	10	29	256	2	0,891093	11,743067	51,163849	0,002029	0,072982	0,708125	0,427111	0,67123	0,826756	0	0	0
14	13	1	256	2	0,702335	11,250738	46,657009	0,005632	0,088083	0,900772	0,333333	0,64055	0,8104	1	0,2	1
14	13	15	256	2	1,31454	 1.#INF00	 1.#INF00	0,004709	0,071126	0,426454	0,333333	0,626611	0,856356	0	0	0
14	13	29	256	2	1,224537	 1.#INF00	 1.#INF00	0,004554	0,071725	0,461029	0,333333	0,630737	0,856356	0	0	0
25	1	1	256	2	7,497781	12,544262	25,810015	0,005655	0,022422	0,069418	0,701333	0,71989	0,807467	0	0,2	1
25	1	15	256	2	8,457491	12,583345	24,090832	0,003232	0,022795	0,063365	0,7	0,720414	0,7992	1	0,4	1
25	1	29	256	2	8,518806	12,427759	27,722206	0,005123	0,023939	0,065733	0,701067	0,719311	0,759378	1	0,2	1
25	7	1	256	2	0,596167	 1.#INF00	 1.#INF00	0,009197	0,099653	0,746967	0,595911	0,681739	0,781689	1	0,2	1
25	7	15	256	2	0,393973	 1.#INF00	 1.#INF00	0,003676	0,08436	1,018257	0,596711	0,689879	0,793067	0	0,2	1
25	7	29	256	2	0,379351	 1.#INF00	 1.#INF00	0,003676	0,083246	0,872212	0,591022	0,691058	0,814667	0	0,2	1
25	13	1	256	2	0,369307	 1.#INF00	 1.#INF00	0,008107	0,114472	1,57637	0,494667	0,657417	0,761689	0	0,2	1
25	13	15	256	2	0,251508	 1.#INF00	 1.#INF00	0,00834	0,123613	1,374352	0,497511	0,660163	0,765156	0	0,2	1
25	13	29	256	2	0,251508	 1.#INF00	 1.#INF00	0,005606	0,112469	1,058427	0,485156	0,661301	0,772622	0	0,2	1
25	19	1	256	2	0,389533	5,235243	19,512632	0,007415	0,143571	1,170009	0,407556	0,629228	0,785956	0	0,2	1
25	19	15	256	2	0,33748	 1.#INF00	 1.#INF00	0,009048	0,126415	1,015223	0,427467	0,640433	0,770667	0	0,2	1
25	19	29	256	2	0,475695	 1.#INF00	 1.#INF00	0,005893	0,125397	1,192399	0,400089	0,63359	0,762844	0	0,2	1
25	25	1	256	2	0,383058	 1.#INF00	 1.#INF00	0,006237	0,190918	1,45324	0,333333	0,589456	0,7936	0	0,2	1
25	25	15	256	2	0,339952	 1.#INF00	 1.#INF00	0,011438	0,174419	1,170012	0,333333	0,595585	0,745867	1	0,2	1
25	25	29	256	2	0,534566	4,240848	12,600783	0,013113	0,202489	1,644658	0,333333	0,596184	0,747467	0	0	0
36	1	1	256	2	5,37404	8,028511	16,492952	0,005554	0,02912	0,078404	0,693422	0,704391	0,730222	0	0,6	1
36	1	15	256	2	5,787067	8,069153	17,376858	0,006342	0,028587	0,086013	0,695289	0,704611	0,751378	0	0,6	1
36	1	29	256	2	5,412751	8,002143	16,691706	0,005913	0,028694	0,081714	0,694933	0,70511	0,738578	1	0,6	1
36	9	1	256	2	0,219495	 1.#INF00	 1.#INF00	0,014249	0,140335	1,939012	0,5848	0,674194	0,735111	1	0,6	1
36	9	15	256	2	0,146127	 1.#INF00	 1.#INF00	0,007471	0,127133	1,214666	0,552533	0,675964	0,739822	0	0,4	1
36	9	29	256	2	0,146127	 1.#INF00	 1.#INF00	0,013401	0,122887	1,379742	0,599644	0,67534	0,737511	1	0,6	1
36	17	1	256	2	0,210994	 1.#INF00	 1.#INF00	0,01455	0,185001	1,559311	0,537333	0,644666	0,735556	0	0,4	1
36	17	15	256	2	0,190959	 1.#INF00	 1.#INF00	0,013733	0,194359	2,090252	0,524622	0,64966	0,7296	1	0,6	1
36	17	29	256	2	0,205189	 1.#INF00	 1.#INF00	0,013134	0,174728	2,420112	0,524	0,650865	0,737333	0	0,4	1
36	25	1	256	2	0,234436	 1.#INF00	 1.#INF00	0,011297	0,212821	2,119232	0,431022	0,624803	0,7304	1	0,6	1
36	25	15	256	2	0,237098	 1.#INF00	 1.#INF00	0,013197	0,220556	2,355776	0,454933	0,627126	0,733156	0	0,4	1
36	25	29	256	2	0,210123	 1.#INF00	 1.#INF00	0,009387	0,215777	1,873195	0,416089	0,620338	0,720533	0	0,4	1
36	33	1	256	2	0,201842	 1.#INF00	 1.#INF00	0,013876	0,231536	3,715905	0,355644	0,59823	0,728356	0	0,4	1
36	33	15	256	2	0,254574	 1.#INF00	 1.#INF00	0,019979	0,223778	2,126464	0,337867	0,59423	0,724356	1	0,6	1
36	33	29	256	2	0,284388	 1.#INF00	 1.#INF00	0,012789	0,272753	1,877423	0,374311	0,596358	0,727378	1	0,4	1
3	1	1	256	502	21,206385	97,815445	1375,57019	0,000648	0,016071	0,055355	0,3632	0,79294	0,974133	3	3,2	4
3	1	15	256	502	21,687042	90,931984	2076,682617	0,000347	0,016331	0,054438	0,333333	0,792956	0,982578	3	3,6	4
3	1	29	256	502	20,68811	93,31945	1497,696411	0,000576	0,016819	0,060517	0,333333	0,792843	0,974133	3	3,8	4
3	2	1	256	502	12,674688	91,171402	1283,29895	0,000652	0,021304	0,121454	0,333333	0,607488	0,9656	3	3,2	4
3	2	15	256	502	12,558837	83,547371	850,238281	0,000871	0,024407	0,134012	0,333333	0,534707	0,957778	3	3,8	4
3	2	29	256	502	12,75608	76,659378	908,535706	0,000902	0,028336	0,131463	0,333333	0,538599	0,974133	4	4,6	5
3	3	1	256	502	11,187522	89,710693	1366,997192	0,000721	0,024384	0,146474	0,333333	0,5768	0,965867	3	3,2	4
3	3	15	256	502	10,895587	77,642532	510,209137	0,001252	0,02469	0,113868	0,333333	0,50635	0,965867	3	3,8	4
3	3	29	256	502	14,601027	96,76899	1126,831421	0,00066	0,027112	0,116976	0,333333	0,501359	0,965867	4	4,8	5
14	1	1	256	502	10,893915	20,221731	239,698532	0,00111	0,019809	0,06043	0,716978	0,770496	0,836622	13	13,4	14
14	1	15	256	502	11,342466	20,851585	138,509293	0,002084	0,019909	0,061541	0,721333	0,76613	0,836622	13	13,6	14
14	1	29	256	502	11,781885	20,428577	185,917099	0,001919	0,020004	0,068474	0,703911	0,770155	0,842222	13	13,8	14
14	4	1	256	502	1,211767	10,722659	63,969646	0,006045	0,085144	0,570422	0,333333	0,648462	0,868889	9	10	11
14	4	15	256	502	0,654512	10,674978	36,52951	0,002884	0,092545	0,804288	0,333333	0,656953	0,841067	10	10,6	12
14	4	29	256	502	0,754571	 1.#INF00	 1.#INF00	0,00369	0,072824	0,526938	0,333333	0,681355	0,854133	10	11	12
14	7	1	256	502	0,820571	10,950211	41,775524	0,00559	0,075015	0,772629	0,333333	0,640139	0,861422	9	9,8	11
14	7	15	256	502	0,928109	11,421468	33,640633	0,008354	0,083205	0,688285	0,333333	0,686786	0,949867	10	10,2	11
14	7	29	256	502	0,886818	12,258667	41,376614	0,004795	0,057751	0,365603	0,333333	0,637541	0,895378	9	10,2	11
14	10	1	256	502	0,787332	12,103192	37,302269	0,005069	0,088901	0,615432	0,333333	0,676258	0,942133	10	10	10
14	10	15	256	502	0,949449	12,087148	36,365044	0,006918	0,07404	0,683238	0,333333	0,6679	0,876711	9	10	11
14	10	29	256	502	0,699836	12,755623	48,427685	0,005651	0,080139	0,740184	0,333333	0,668909	0,8872	10	10,2	11
14	13	1	256	502	0,90577	11,705328	69,226723	0,004981	0,084214	0,709206	0,333333	0,636077	0,949867	9	9,8	10
14	13	15	256	502	0,95448	12,600367	40,841492	0,007285	0,059833	0,67987	0,333333	0,624489	0,906133	9	9,6	10
14	13	29	256	502	1,620403	14,684042	44,192772	0,005015	0,056473	0,348219	0,333333	0,635827	0,878667	9	9,6	10
25	1	1	256	502	7,937403	11,188157	32,85807	0,003828	0,03267	0,091462	0,7056	0,721312	0,7912	51	51,2	52
25	1	15	256	502	7,263005	11,123415	22,43375	0,006548	0,031627	0,0857	0,705422	0,722232	0,772178	50	50,8	52
25	1	29	256	502	7,875917	10,700735	19,552597	0,006018	0,034073	0,079532	0,703733	0,717882	0,751022	51	51,2	52
25	7	1	256	502	0,529682	 1.#INF00	 1.#INF00	0,00401	0,083805	0,269779	0,333333	0,585733	0,852533	24	27,2	33
25	7	15	256	502	0,328327	 1.#INF00	 1.#INF00	0,008896	0,174048	1,265264	0,333333	0,600485	0,864533	27	31,2	36
25	7	29	256	502	0,227197	 1.#INF00	 1.#INF00	0,008254	0,122052	1,327105	0,333333	0,613323	0,816622	25	29	36
25	13	1	256	502	0,363726	5,694485	17,298286	0,009878	0,119636	0,881889	0,333333	0,573222	0,806578	23	26	27
25	13	15	256	502	1,094306	6,021569	18,227762	0,010587	0,122751	0,847004	0,333333	0,567824	0,803467	24	25,2	27
25	13	29	256	502	0,83691	5,614771	18,93268	0,005365	0,088238	0,30605	0,333333	0,599035	0,852533	24	27	31
25	19	1	256	502	0,338268	4,969035	15,856241	0,016503	0,13694	1,141223	0,333333	0,640624	0,820178	25	28,2	29
25	19	15	256	502	0,36258	 1.#INF00	 1.#INF00	0,011609	0,113211	0,594504	0,333333	0,569401	0,8312	24	25,6	28
25	19	29	256	502	0,904671	5,603631	22,328777	0,008943	0,113219	0,607775	0,333333	0,505158	0,787644	22	24,2	27
25	25	1	256	502	0,515966	4,490681	13,221203	0,014744	0,143932	0,788691	0,333333	0,587525	0,828178	23	24,8	28
25	25	15	256	502	0,828274	5,010552	15,278826	0,012005	0,148425	0,758556	0,333333	0,588011	0,851733	21	23,4	25
25	25	29	256	502	0,684104	5,538661	16,492384	0,012405	0,133877	0,853401	0,333333	0,532409	0,813244	21	23,6	26
36	1	1	256	502	4,999525	6,763822	12,105111	0,011825	0,045734	0,106449	0,694667	0,700551	0,713867	138	138,6	140
36	1	15	256	502	5,101974	6,507361	15,729717	0,007933	0,052392	0,1128	0,695644	0,701258	0,741067	135	137,6	140
36	1	29	256	502	5,070402	6,794635	12,677547	0,010981	0,048041	0,123441	0,695022	0,701019	0,729156	137	138,2	139
36	9	1	256	502	0,294949	 1.#INF00	 1.#INF00	0,006752	0,201985	1,464302	0,333333	0,59952	0,857778	56	67,4	84
36	9	15	256	502	0,471835	3,840056	31,177025	0,007142	0,133497	0,653597	0,333333	0,572013	0,825867	58	63,8	70
36	9	29	256	502	0,39707	2,762357	18,567783	0,005398	0,197214	1,493801	0,333333	0,545736	0,798578	57	67,8	77
36	17	1	256	502	0,612573	4,117376	10,143665	0,012647	0,158983	0,742587	0,333333	0,491292	0,78	52	55,4	60
36	17	15	256	502	0,501217	3,526095	13,473623	0,002845	0,152291	0,69907	0,333333	0,566328	0,819733	57	59,2	65
36	17	29	256	502	0,611789	3,783071	8,581631	0,010732	0,128004	0,5769	0,333333	0,476405	0,777867	54	58	64
36	25	1	256	502	0,687798	3,978635	10,207464	0,012153	0,155746	0,5421	0,333333	0,495598	0,777778	47	52,2	57
36	25	15	256	502	0,241914	2,661548	8,892126	0,022722	0,244111	2,342608	0,333333	0,519808	0,791111	52	54,2	59
36	25	29	256	502	0,278075	3,380395	11,742153	0,012997	0,236164	2,059877	0,333333	0,530128	0,790578	53	58,6	67
36	33	1	256	502	0,364333	3,587744	9,021554	0,018749	0,205061	2,965109	0,333333	0,527723	0,803467	47	50,2	57
36	33	15	256	502	0,619642	4,765723	9,577661	0,013087	0,117135	0,869627	0,333333	0,516291	0,803467	48	52	55
36	33	29	256	502	0,338231	3,58775	9,177824	0,012664	0,156383	0,576514	0,333333	0,503056	0,816978	45	51,8	58
3	1	1	256	1002	21,430044	95,246414	2100,115234	0,000357	0,016802	0,055345	0,397067	0,794491	0,974133	6	6,4	7
3	1	15	256	1002	21,72368	104,096977	2076,297607	0,000356	0,016444	0,054839	0,333333	0,786857	0,982578	7	7	7
3	1	29	256	1002	22,4048	94,711197	2111,463623	0,000466	0,016171	0,056932	0,367733	0,790835	0,974133	7	7,8	8
3	2	1	256	1002	11,046496	90,688614	846,519836	0,000957	0,022951	0,134962	0,333333	0,60176	0,974133	6	6,4	7
3	2	15	256	1002	12,704298	90,657448	967,944397	0,000794	0,026287	0,140377	0,333333	0,548705	0,965867	7	7,8	8
3	2	29	256	1002	12,906246	 1.#INF00	 1.#INF00	0,000862	0,029068	0,123028	0,333333	0,527741	0,974133	9	9,2	10
3	3	1	256	1002	13,583238	89,305313	2237,734375	0,000346	0,025355	0,134688	0,333333	0,590865	0,974133	6	6,4	7
3	3	15	256	1002	13,861684	83,008881	734,809998	0,00075	0,032425	0,127715	0,333333	0,518656	0,965867	7	7,8	8
3	3	29	256	1002	13,461312	83,484146	931,802734	0,000823	0,028463	0,139954	0,333333	0,517375	0,965867	9	9,4	10
14	1	1	256	1002	10,921624	19,92654	73,13945	0,002153	0,020382	0,06818	0,709689	0,762024	0,832978	26	26,8	27
14	1	15	256	1002	10,828016	21,603989	205,860992	0,001052	0,018244	0,063995	0,713333	0,766447	0,850933	27	27,4	28
14	1	29	256	1002	11,607216	20,013912	226,582184	0,001035	0,022632	0,062757	0,717689	0,761753	0,849156	27	27,4	28
14	4	1	256	1002	0,900359	11,782295	43,820217	0,003125	0,079808	0,811015	0,333333	0,693815	0,885244	20	21,2	22
14	4	15	256	1002	0,773089	11,345696	50,472664	0,005064	0,071648	0,81533	0,333333	0,651204	0,870489	20	21,2	24
14	4	29	256	1002	0,860872	9,286582	43,16864	0,006296	0,083689	0,484294	0,333333	0,677778	0,9128	20	21,8	24
14	7	1	256	1002	0,786699	9,419419	30,769558	0,005304	0,083189	0,680088	0,333333	0,672031	0,870844	20	20,4	21
14	7	15	256	1002	1,007403	11,676201	52,813221	0,005479	0,080911	0,874445	0,333333	0,644803	0,892978	19	20,2	21
14	7	29	256	1002	1,213337	11,886438	35,341408	0,002141	0,074335	0,637029	0,333333	0,683973	0,892978	20	20,6	22
14	10	1	256	1002	1,374393	12,237276	46,095745	0,004249	0,061643	0,697275	0,333333	0,710532	0,8736	19	20	21
14	10	15	256	1002	1,034276	8,936256	41,652771	0,007868	0,128045	0,508164	0,333333	0,620521	0,853422	18	20,2	21
14	10	29	256	1002	0,961875	 1.#INF00	 1.#INF00	0,004728	0,0648	0,47795	0,333333	0,638152	0,870844	20	20,6	23
14	13	1	256	1002	1,079995	 1.#INF00	 1.#INF00	0,001528	0,067483	0,516951	0,333333	0,648689	0,867289	19	19,2	20
14	13	15	256	1002	0,84445	11,093432	49,439751	0,00607	0,139575	1,018028	0,333333	0,634742	0,892978	19	19,6	20
14	13	29	256	1002	1,061518	12,493327	40,555447	0,006146	0,072923	0,576427	0,333333	0,63089	0,910489	19	20,2	21
25	1	1	256	1002	7,208439	11,283436	67,723709	0,001462	0,030521	0,087552	0,707111	0,726375	0,800978	101	102	104
