3, 1, 1, 4, 2, 1.#QNAN0, 0.000000, 1.#QNAN0, 0.000000, 0.000000, 0.000000, 0.342908, 0.000000, 0.626309, 0.000000, 0.200000, 1.000000
3, 1, 15, 4, 2, 1.#QNAN0, 0.000000, 1.#QNAN0, 0.000000, 0.000000, 0.000000, 0.342908, 0.000000, 0.374228, 0.000000, 0.000000, 0.000000
3, 1, 29, 4, 2, 1.#QNAN0, 0.000000, 1.#QNAN0, 0.000000, 0.000000, 0.000000, 0.342908, 0.000000, 0.374228, 0.000000, 0.000000, 0.000000
3, 2, 1, 4, 2, 1.#QNAN0, 0.000000, 1.#QNAN0, 0.000000, 0.000000, 0.000000, 0.342908, 0.000000, 0.701387, 0.000000, 0.200000, 1.000000
3, 2, 15, 4, 2, 1.#QNAN0, 0.000000, 1.#QNAN0, 0.000000, 0.000000, 0.000000, 0.630515, 0.000000, 0.701387, 0.000000, 0.000000, 0.000000
3, 2, 29, 4, 2, 1.#QNAN0, 0.000000, 1.#QNAN0, 0.000000, 0.000000, 0.000000, 0.630515, 0.000000, 0.701387, 0.000000, 0.000000, 0.000000
3, 3, 1, 4, 2, 1.#QNAN0, 0.000000, 1.#QNAN0, 1.#QNAN0, 0.000000, 1.#QNAN0, 0.342908, 0.000000, 0.701387, 0.000000, 0.200000, 1.000000
3, 3, 15, 4, 2, 1.#QNAN0, 0.000000, 1.#QNAN0, 1.#QNAN0, 0.000000, 1.#QNAN0, 0.342908, 0.000000, 0.631767, 0.000000, 0.000000, 0.000000
3, 3, 29, 4, 2, 1.#QNAN0, 0.000000, 1.#QNAN0, 1.#QNAN0, 0.000000, 1.#QNAN0, 0.342908, 0.000000, 0.631767, 1.000000, 0.200000, 1.000000
14, 1, 1, 4, 2, 1.#QNAN0, 0.000000, 1.#QNAN0, 0.000000, 0.000000, 0.000000, 0.333423, 0.000000, 0.342908, 0.000000, 0.000000, 0.000000
14, 1, 15, 4, 2, 1.#QNAN0, 0.000000, 1.#QNAN0, 0.000000, 0.000000, 0.000000, 0.333423, 0.000000, 0.342908, 0.000000, 0.000000, 0.000000
14, 1, 29, 4, 2, 1.#QNAN0, 0.000000, 1.#QNAN0, 0.000000, 0.000000, 0.000000, 0.333423, 0.000000, 0.667025, 0.000000, 0.200000, 1.000000
14, 4, 1, 4, 2, 1.#QNAN0, 0.000000, 1.#QNAN0, 0.000000, 0.000000, 0.000000, 0.379597, 0.000000, 0.667025, 0.000000, 0.000000, 0.000000
14, 4, 15, 4, 2, 1.#QNAN0, 0.000000, 1.#QNAN0, 0.000000, 0.000000, 0.000000, 0.379597, 0.000000, 0.667025, 0.000000, 0.000000, 0.000000
14, 4, 29, 4, 2, 1.#QNAN0, 0.000000, 1.#QNAN0, 0.000000, 0.000000, 0.000000, 0.353110, 0.000000, 0.667025, 0.000000, 0.200000, 1.000000
14, 7, 1, 4, 2, 1.#QNAN0, 0.000000, 1.#QNAN0, 0.000000, 0.000000, 0.000000, 0.353110, 0.000000, 0.624251, 0.000000, 0.000000, 0.000000
14, 7, 15, 4, 2, 1.#QNAN0, 0.000000, 1.#QNAN0, 0.000000, 0.000000, 0.000000, 0.353110, 0.000000, 0.624251, 0.000000, 0.000000, 0.000000
14, 7, 29, 4, 2, 1.#QNAN0, 0.000000, 1.#QNAN0, 1.#QNAN0, 0.000000, 1.#QNAN0, 0.353110, 0.000000, 0.677494, 0.000000, 0.200000, 1.000000
14, 10, 1, 4, 2, 1.#QNAN0, 0.000000, 1.#QNAN0, 1.#QNAN0, 0.000000, 1.#QNAN0, 0.608501, 0.000000, 0.677494, 0.000000, 0.000000, 0.000000
14, 10, 15, 4, 2, 1.#QNAN0, 0.000000, 1.#QNAN0, 1.#QNAN0, 0.000000, 1.#QNAN0, 0.608501, 0.000000, 0.677494, 1.000000, 0.200000, 1.000000
14, 10, 29, 4, 2, 1.#QNAN0, 0.000000, 1.#QNAN0, 1.#QNAN0, 0.000000, 1.#QNAN0, 0.358121, 0.000000, 0.358210, 0.000000, 0.000000, 0.000000
14, 13, 1, 4, 2, 1.#QNAN0, 0.000000, 1.#QNAN0, 1.#QNAN0, 0.000000, 1.#QNAN0, 0.358121, 0.000000, 0.358210, 0.000000, 0.000000, 0.000000
14, 13, 15, 4, 2, 1.#QNAN0, 0.000000, 1.#QNAN0, 0.000000, 0.000000, 0.000000, 0.348188, 0.000000, 0.374049, 0.000000, 0.200000, 1.000000
14, 13, 29, 4, 2, 1.#QNAN0, 0.000000, 1.#QNAN0, 0.000000, 0.000000, 0.000000, 0.348188, 0.000000, 0.374049, 0.000000, 0.000000, 0.000000
25, 1, 1, 4, 2, 1.#QNAN0, 0.000000, 1.#QNAN0, 0.000000, 0.000000, 0.000000, 0.348188, 0.000000, 0.374049, 0.000000, 0.000000, 0.000000
25, 1, 15, 4, 2, 1.#QNAN0, 0.000000, 1.#QNAN0, 0.000000, 0.000000, 0.000000, 0.328859, 0.000000, 0.374049, 0.000000, 0.200000, 1.000000
25, 1, 29, 4, 2, 1.#QNAN0, 0.000000, 1.#QNAN0, 0.000000, 0.000000, 0.000000, 0.328859, 0.000000, 0.348188, 0.000000, 0.000000, 0.000000
25, 7, 1, 4, 2, 1.#QNAN0, 0.000000, 1.#QNAN0, 0.000000, 0.000000, 0.000000, 0.328859, 0.000000, 0.348188, 0.000000, 0.000000, 0.000000
25, 7, 15, 4, 2, 1.#QNAN0, 0.000000, 1.#QNAN0, 1.#QNAN0, 0.000000, 1.#QNAN0, 0.328859, 0.000000, 0.368949, 0.000000, 0.200000, 1.000000
25, 7, 29, 4, 2, 1.#QNAN0, 0.000000, 1.#QNAN0, 1.#QNAN0, 0.000000, 1.#QNAN0, 0.358121, 0.000000, 0.368949, 0.000000, 0.000000, 0.000000
25, 13, 1, 4, 2, 1.#QNAN0, 0.000000, 1.#QNAN0, 1.#QNAN0, 0.000000, 1.#QNAN0, 0.358121, 0.000000, 0.368949, 0.000000, 0.000000, 0.000000
25, 13, 15, 4, 2, 1.#QNAN0, 0.000000, 1.#QNAN0, 0.000000, 0.000000, 0.000000, 0.342908, 0.000000, 0.374228, 0.000000, 0.200000, 1.000000
25, 13, 29, 4, 2, 1.#QNAN0, 0.000000, 1.#QNAN0, 0.000000, 0.000000, 0.000000, 0.342908, 0.000000, 0.374228, 0.000000, 0.000000, 0.000000
25, 19, 1, 4, 2, 1.#QNAN0, 0.000000, 1.#QNAN0, 0.000000, 0.000000, 0.000000, 0.342908, 0.000000, 0.374228, 1.000000, 0.200000, 1.000000
25, 19, 15, 4, 2, 1.#QNAN0, 0.000000, 1.#QNAN0, 0.000000, 0.000000, 0.000000, 0.357942, 0.000000, 0.692170, 0.000000, 0.000000, 0.000000
25, 19, 29, 4, 2, 1.#QNAN0, 0.000000, 1.#QNAN0, 0.000000, 0.000000, 0.000000, 0.357942, 0.000000, 0.692170, 0.000000, 0.000000, 0.000000
25, 25, 1, 4, 2, 1.#QNAN0, 0.000000, 1.#QNAN0, 0.000000, 0.000000, 0.000000, 0.348188, 0.000000, 0.692170, 0.000000, 0.200000, 1.000000
25, 25, 15, 4, 2, 1.#QNAN0, 0.000000, 1.#QNAN0, 0.000000, 0.000000, 0.000000, 0.348188, 0.000000, 0.564295, 0.000000, 0.000000, 0.000000
25, 25, 29, 4, 2, 1.#QNAN0, 0.000000, 1.#QNAN0, 0.000000, 0.000000, 0.000000, 0.348188, 0.000000, 0.564295, 0.000000, 0.000000, 0.000000
36, 1, 1, 4, 2, 1.#QNAN0, 0.000000, 1.#QNAN0, 0.000000, 0.000000, 0.000000, 0.338166, 0.000000, 0.564295, 0.000000, 0.200000, 1.000000
36, 1, 15, 4, 2, 1.#QNAN0, 0.000000, 1.#QNAN0, 0.000000, 0.000000, 0.000000, 0.338166, 0.000000, 0.348188, 0.000000, 0.000000, 0.000000
36, 1, 29, 4, 2, 1.#QNAN0, 0.000000, 1.#QNAN0, 0.000000, 0.000000, 0.000000, 0.338166, 0.000000, 0.348188, 0.000000, 0.000000, 0.000000
36, 9, 1, 4, 2, 1.#QNAN0, 0.000000, 1.#QNAN0, 0.000000, 0.000000, 0.000000, 0.333423, 0.000000, 0.363311, 0.000000, 0.200000, 1.000000
36, 9, 15, 4, 2, 1.#QNAN0, 0.000000, 1.#QNAN0, 0.000000, 0.000000, 0.000000, 0.333423, 0.000000, 0.363311, 0.000000, 0.000000, 0.000000
36, 9, 29, 4, 2, 1.#QNAN0, 0.000000, 1.#QNAN0, 0.000000, 0.000000, 0.000000, 0.333423, 0.000000, 0.363311, 1.000000, 0.200000, 1.000000
36, 17, 1, 4, 2, 1.#QNAN0, 0.000000, 1.#QNAN0, 1.#QNAN0, 0.000000, 1.#QNAN0, 0.328859, 0.000000, 0.674989, 0.000000, 0.000000, 0.000000
36, 17, 15, 4, 2, 1.#QNAN0, 0.000000, 1.#QNAN0, 1.#QNAN0, 0.000000, 1.#QNAN0, 0.328859, 0.000000, 0.674989, 0.000000, 0.000000, 0.000000
36, 17, 29, 4, 2, 1.#QNAN0, 0.000000, 1.#QNAN0, 1.#QNAN0, 0.000000, 1.#QNAN0, 0.328859, 0.000000, 0.681253, 0.000000, 0.200000, 1.000000
36, 25, 1, 4, 2, 1.#QNAN0, 0.000000, 1.#QNAN0, 1.#QNAN0, 0.000000, 1.#QNAN0, 0.353110, 0.000000, 0.681253, 0.000000, 0.000000, 0.000000
36, 25, 15, 4, 2, 1.#QNAN0, 0.000000, 1.#QNAN0, 1.#QNAN0, 0.000000, 1.#QNAN0, 0.353110, 0.000000, 0.681253, 0.000000, 0.000000, 0.000000
36, 25, 29, 4, 2, 1.#QNAN0, 0.000000, 1.#QNAN0, 1.#QNAN0, 0.000000, 1.#QNAN0, 0.353110, 0.000000, 0.681253, 0.000000, 0.200000, 1.000000
36, 33, 1, 4, 2, 1.#QNAN0, 0.000000, 1.#QNAN0, 1.#QNAN0, 0.000000, 1.#QNAN0, 0.353110, 0.000000, 0.353110, 0.000000, 0.000000, 0.000000
36, 33, 15, 4, 2, 1.#QNAN0, 0.000000, 1.#QNAN0, 1.#QNAN0, 0.000000, 1.#QNAN0, 0.353110, 0.000000, 0.353110, 0.000000, 0.000000, 0.000000
36, 33, 29, 4, 2, 1.#QNAN0, 0.000000, 1.#QNAN0, 1.#QNAN0, 0.000000, 1.#QNAN0, 0.342908, 0.000000, 0.363311, 0.000000, 0.000000, 0.000000
3, 1, 1, 4, 502, 1.#QNAN0, 0.000000, 1.#QNAN0, 1.#QNAN0, 0.000000, 1.#QNAN0, 0.342908, 0.000000, 0.363311, 2.000000, 2.600000, 3.000000
3, 1, 15, 4, 502, 1.#QNAN0, 0.000000, 1.#QNAN0, 0.000000, 0.000000, 0.000000, 0.338166, 0.000000, 0.606532, 2.000000, 2.800000, 3.000000
3, 1, 29, 4, 502, 1.#QNAN0, 0.000000, 1.#QNAN0, 1.#QNAN0, 0.000000, 1.#QNAN0, 0.333423, 0.000000, 0.342908, 2.000000, 2.800000, 3.000000
3, 2, 1, 4, 502, 1.#QNAN0, 0.000000, 1.#QNAN0, 0.000000, 0.000000, 0.000000, 0.333423, 0.000000, 0.358121, 2.000000, 2.600000, 3.000000
3, 2, 15, 4, 502, 1.#QNAN0, 0.000000, 1.#QNAN0, 0.000000, 0.000000, 0.000000, 0.333423, 0.000000, 0.374049, 2.000000, 2.800000, 3.000000
3, 2, 29, 4, 502, 1.#QNAN0, 0.000000, 1.#QNAN0, 0.000000, 0.000000, 0.000000, 0.342908, 0.000000, 0.651991, 2.000000, 2.600000, 3.000000
3, 3, 1, 4, 502, 1.#QNAN0, 0.000000, 1.#QNAN0, 0.000000, 0.000000, 0.000000, 0.342908, 0.000000, 0.536823, 2.000000, 2.800000, 3.000000
3, 3, 15, 4, 502, 1.#QNAN0, 0.000000, 1.#QNAN0, 1.#QNAN0, 0.000000, 1.#QNAN0, 0.328859, 0.000000, 0.358121, 2.000000, 2.600000, 3.000000
3, 3, 29, 4, 502, 1.#QNAN0, 0.000000, 1.#QNAN0, 0.000000, 0.000000, 0.000000, 0.342908, 0.000000, 0.363311, 2.000000, 2.600000, 3.000000
14, 1, 1, 4, 502, 1.#QNAN0, 0.000000, 1.#QNAN0, 0.000000, 0.000000, 0.000000, 0.338166, 0.000000, 0.379597, 2.000000, 2.600000, 3.000000
14, 1, 15, 4, 502, 1.#QNAN0, 0.000000, 1.#QNAN0, 0.000000, 0.000000, 0.000000, 0.328859, 0.000000, 0.357942, 2.000000, 2.800000, 3.000000
14, 1, 29, 4, 502, 1.#QNAN0, 0.000000, 1.#QNAN0, 0.000000, 0.000000, 0.000000, 0.328859, 0.000000, 0.548635, 2.000000, 2.800000, 3.000000
14, 4, 1, 4, 502, 1.#QNAN0, 0.000000, 1.#QNAN0, 0.000000, 0.000000, 0.000000, 0.338166, 0.000000, 0.615302, 2.000000, 2.600000, 3.000000
14, 4, 15, 4, 502, 1.#QNAN0, 0.000000, 1.#QNAN0, 0.000000, 0.000000, 0.000000, 0.333423, 0.000000, 0.662192, 2.000000, 2.800000, 3.000000
14, 4, 29, 4, 502, 1.#QNAN0, 0.000000, 1.#QNAN0, 0.000000, 0.000000, 0.000000, 0.328859, 0.000000, 0.593647, 2.000000, 2.600000, 3.000000
14, 7, 1, 4, 502, 1.#QNAN0, 0.000000, 1.#QNAN0, 0.000000, 0.000000, 0.000000, 0.333423, 0.000000, 0.607159, 2.000000, 2.800000, 3.000000
14, 7, 15, 4, 502, 1.#QNAN0, 0.000000, 1.#QNAN0, 0.000000, 0.000000, 0.000000, 0.328859, 0.000000, 0.607875, 2.000000, 2.600000, 3.000000
14, 7, 29, 4, 502, 1.#QNAN0, 0.000000, 1.#QNAN0, 0.000000, 0.000000, 0.000000, 0.328859, 0.000000, 0.551946, 2.000000, 2.800000, 3.000000
14, 10, 1, 4, 502, 1.#QNAN0, 0.000000, 1.#QNAN0, 0.000000, 0.000000, 0.000000, 0.333423, 0.000000, 0.358210, 2.000000, 2.600000, 3.000000
14, 10, 15, 4, 502, 1.#QNAN0, 0.000000, 1.#QNAN0, 0.000000, 0.000000, 0.000000, 0.342908, 0.000000, 0.621834, 2.000000, 3.000000, 4.000000
14, 10, 29, 4, 502, 1.#QNAN0, 0.000000, 1.#QNAN0, 0.000000, 0.000000, 0.000000, 0.338166, 0.000000, 0.358121, 2.000000, 2.800000, 3.000000
14, 13, 1, 4, 502, 1.#QNAN0, 0.000000, 1.#QNAN0, 0.000000, 0.000000, 0.000000, 0.328859, 0.000000, 0.621745, 2.000000, 2.600000, 3.000000
14, 13, 15, 4, 502, 1.#QNAN0, 0.000000, 1.#QNAN0, 0.000000, 0.000000, 0.000000, 0.342908, 0.000000, 0.603311, 2.000000, 2.800000, 3.000000
14, 13, 29, 4, 502, 1.#QNAN0, 0.000000, 1.#QNAN0, 0.000000, 0.000000, 0.000000, 0.328859, 0.000000, 0.358121, 2.000000, 2.800000, 3.000000
25, 1, 1, 4, 502, 1.#QNAN0, 0.000000, 1.#QNAN0, 1.#QNAN0, 0.000000, 1.#QNAN0, 0.342908, 0.000000, 0.559195, 2.000000, 2.600000, 3.000000
25, 1, 15, 4, 502, 1.#QNAN0, 0.000000, 1.#QNAN0, 0.000000, 0.000000, 0.000000, 0.333423, 0.000000, 0.577808, 2.000000, 2.600000, 3.000000
25, 1, 29, 4, 502, 1.#QNAN0, 0.000000, 1.#QNAN0, 0.000000, 0.000000, 0.000000, 0.338166, 0.000000, 0.363311, 2.000000, 2.600000, 3.000000
25, 7, 1, 4, 502, 1.#QNAN0, 0.000000, 1.#QNAN0, 0.000000, 0.000000, 0.000000, 0.328859, 0.000000, 0.602416, 2.000000, 2.800000, 3.000000
25, 7, 15, 4, 502, 1.#QNAN0, 0.000000, 1.#QNAN0, 0.000000, 0.000000, 0.000000, 0.342908, 0.000000, 0.645638, 2.000000, 2.600000, 3.000000
25, 7, 29, 4, 502, 1.#QNAN0, 0.000000, 1.#QNAN0, 0.000000, 0.000000, 0.000000, 0.328859, 0.000000, 0.547204, 2.000000, 2.600000, 3.000000
25, 13, 1, 4, 502, 1.#QNAN0, 0.000000, 1.#QNAN0, 0.000000, 0.000000, 0.000000, 0.338166, 0.000000, 0.595257, 2.000000, 2.600000, 3.000000
25, 13, 15, 4, 502, 1.#QNAN0, 0.000000, 1.#QNAN0, 0.000000, 0.000000, 0.000000, 0.333423, 0.000000, 0.358121, 2.000000, 2.800000, 3.000000
25, 13, 29, 4, 502, 1.#QNAN0, 0.000000, 1.#QNAN0, 0.000000, 0.000000, 0.000000, 0.342908, 0.000000, 0.681879, 2.000000, 2.600000, 3.000000
25, 19, 1, 4, 502, 1.#QNAN0, 0.000000, 1.#QNAN0, 0.000000, 0.000000, 0.000000, 0.333423, 0.000000, 0.562864, 2.000000, 2.600000, 3.000000
25, 19, 15, 4, 502, 1.#QNAN0, 0.000000, 1.#QNAN0, 1.#QNAN0, 0.000000, 1.#QNAN0, 0.338166, 0.000000, 0.357942, 2.000000, 2.600000, 3.000000
25, 19, 29, 4, 502, 1.#QNAN0, 0.000000, 1.#QNAN0, 0.000000, 0.000000, 0.000000, 0.328859, 0.000000, 0.560268, 2.000000, 2.600000, 3.000000
25, 25, 1, 4, 502, 1.#QNAN0, 0.000000, 1.#QNAN0, 0.000000, 0.000000, 0.000000, 0.333423, 0.000000, 0.670157, 2.000000, 2.800000, 3.000000
25, 25, 15, 4, 502, 1.#QNAN0, 0.000000, 1.#QNAN0, 0.000000, 0.000000, 0.000000, 0.333423, 0.000000, 0.379597, 2.000000, 2.600000, 3.000000
25, 25, 29, 4, 502, 1.#QNAN0, 0.000000, 1.#QNAN0, 0.000000, 0.000000, 0.000000, 0.328859, 0.000000, 0.611365, 2.000000, 2.600000, 3.000000
36, 1, 1, 4, 502, 1.#QNAN0, 0.000000, 1.#QNAN0, 0.000000, 0.000000, 0.000000, 0.328859, 0.000000, 0.576286, 2.000000, 2.600000, 3.000000
36, 1, 15, 4, 502, 1.#QNAN0, 0.000000, 1.#QNAN0, 0.000000, 0.000000, 0.000000, 0.342908, 0.000000, 0.379597, 2.000000, 2.600000, 3.000000
36, 1, 29, 4, 502, 1.#QNAN0, 0.000000, 1.#QNAN0, 0.000000, 0.000000, 0.000000, 0.342908, 0.000000, 0.610828, 2.000000, 2.800000, 3.000000
36, 9, 1, 4, 502, 1.#QNAN0, 0.000000, 1.#QNAN0, 0.000000, 0.000000, 0.000000, 0.338166, 0.000000, 0.675884, 2.000000, 2.600000, 3.000000
36, 9, 15, 4, 502, 1.#QNAN0, 0.000000, 1.#QNAN0, 0.000000, 0.000000, 0.000000, 0.342908, 0.000000, 0.665235, 2.000000, 2.600000, 3.000000
36, 9, 29, 4, 502, 1.#QNAN0, 0.000000, 1.#QNAN0, 0.000000, 0.000000, 0.000000, 0.353110, 0.000000, 0.667293, 2.000000, 2.600000, 3.000000
36, 17, 1, 4, 502, 1.#QNAN0, 0.000000, 1.#QNAN0, 0.000000, 0.000000, 0.000000, 0.328859, 0.000000, 0.379597, 2.000000, 2.600000, 3.000000
36, 17, 15, 4, 502, 1.#QNAN0, 0.000000, 1.#QNAN0, 0.000000, 0.000000, 0.000000, 0.338166, 0.000000, 0.620850, 2.000000, 2.600000, 3.000000
36, 17, 29, 4, 502, 1.#QNAN0, 0.000000, 1.#QNAN0, 0.000000, 0.000000, 0.000000, 0.328859, 0.000000, 0.358121, 2.000000, 2.800000, 3.000000
36, 25, 1, 4, 502, 1.#QNAN0, 0.000000, 1.#QNAN0, 0.000000, 0.000000, 0.000000, 0.338166, 0.000000, 0.670336, 2.000000, 2.600000, 3.000000
36, 25, 15, 4, 502, 1.#QNAN0, 0.000000, 1.#QNAN0, 0.000000, 0.000000, 0.000000, 0.333423, 0.000000, 0.494855, 2.000000, 2.600000, 3.000000
36, 25, 29, 4, 502, 1.#QNAN0, 0.000000, 1.#QNAN0, 0.000000, 0.000000, 0.000000, 0.353110, 0.000000, 0.374228, 2.000000, 2.600000, 3.000000
36, 33, 1, 4, 502, 1.#QNAN0, 0.000000, 1.#QNAN0, 1.#QNAN0, 0.000000, 1.#QNAN0, 0.348188, 0.000000, 0.609933, 2.000000, 2.800000, 3.000000
36, 33, 15, 4, 502, 1.#QNAN0, 0.000000, 1.#QNAN0, 1.#QNAN0, 0.000000, 1.#QNAN0, 0.342908, 0.000000, 0.645280, 2.000000, 2.600000, 3.000000
36, 33, 29, 4, 502, 1.#QNAN0, 0.000000, 1.#QNAN0, 0.000000, 0.000000, 0.000000, 0.353110, 0.000000, 0.633020, 2.000000, 2.600000, 3.000000
3, 1, 1, 4, 1002, 1.#QNAN0, 0.000000, 1.#QNAN0, 1.#QNAN0, 0.000000, 1.#QNAN0, 0.338166, 0.000000, 0.342908, 5.000000, 5.200000, 6.000000
3, 1, 15, 4, 1002, 1.#QNAN0, 0.000000, 1.#QNAN0, 0.000000, 0.000000, 0.000000, 0.342908, 0.000000, 0.379597, 5.000000, 5.200000, 6.000000
3, 1, 29, 4, 1002, 1.#QNAN0, 0.000000, 1.#QNAN0, 0.000000, 0.000000, 0.000000, 0.338166, 0.000000, 0.635436, 5.000000, 5.200000, 6.000000
3, 2, 1, 4, 1002, 1.#QNAN0, 0.000000, 1.#QNAN0, 0.000000, 0.000000, 0.000000, 0.333423, 0.000000, 0.379597, 5.000000, 5.200000, 6.000000
3, 2, 15, 4, 1002, 1.#QNAN0, 0.000000, 1.#QNAN0, 0.000000, 0.000000, 0.000000, 0.342908, 0.000000, 0.653781, 5.000000, 5.200000, 6.000000
3, 2, 29, 4, 1002, 1.#QNAN0, 0.000000, 1.#QNAN0, 0.000000, 0.000000, 0.000000, 0.342908, 0.000000, 0.630962, 5.000000, 5.200000, 6.000000
3, 3, 1, 4, 1002, 1.#QNAN0, 0.000000, 1.#QNAN0, 0.000000, 0.000000, 0.000000, 0.342908, 0.000000, 0.379597, 5.000000, 5.200000, 6.000000
3, 3, 15, 4, 1002, 1.#QNAN0, 0.000000, 1.#QNAN0, 0.000000, 0.000000, 0.000000, 0.342908, 0.000000, 0.574497, 5.000000, 5.200000, 6.000000
3, 3, 29, 4, 1002, 1.#QNAN0, 0.000000, 1.#QNAN0, 0.000000, 0.000000, 0.000000, 0.342908, 0.000000, 0.379418, 5.000000, 5.200000, 6.000000
14, 1, 1, 4, 1002, 1.#QNAN0, 0.000000, 1.#QNAN0, 0.000000, 0.000000, 0.000000, 0.328859, 0.000000, 0.543445, 5.000000, 5.400000, 6.000000
14, 1, 15, 4, 1002, 1.#QNAN0, 0.000000, 1.#QNAN0, 1.#QNAN0, 0.000000, 1.#QNAN0, 0.333423, 0.000000, 0.358121, 5.000000, 5.200000, 6.000000
14, 1, 29, 4, 1002, 1.#QNAN0, 0.000000, 1.#QNAN0, 0.000000, 0.000000, 0.000000, 0.342908, 0.000000, 0.379597, 25.000000, 29.600000, 31.000000
14, 4, 1, 4, 1002, 1.#QNAN0, 0.000000, 1.#QNAN0, 0.000000, 0.000000, 0.000000, 0.328859, 0.000000, 0.358121, 30.000000, 30.799999, 31.000000
14, 4, 15, 4, 1002, 1.#QNAN0, 0.000000, 1.#QNAN0, 1.#QNAN0, 0.000000, 1.#QNAN0, 0.342908, 0.000000, 0.498881, 31.000000, 31.000000, 31.000000
14, 4, 29, 4, 1002, 1.#QNAN0, 0.000000, 1.#QNAN0, 1.#QNAN0, 0.000000, 1.#QNAN0, 0.338166, 0.000000, 0.557136, 30.000000, 30.799999, 31.000000
14, 7, 1, 4, 1002, 1.#QNAN0, 0.000000, 1.#QNAN0, 0.000000, 0.000000, 0.000000, 0.358121, 0.000000, 0.660313, 30.000000, 30.799999, 31.000000
14, 7, 15, 4, 1002, 1.#QNAN0, 0.000000, 1.#QNAN0, 1.#QNAN0, 0.000000, 1.#QNAN0, 0.338166, 0.000000, 0.379418, 30.000000, 30.799999, 31.000000
14, 7, 29, 4, 1002, 1.#QNAN0, 0.000000, 1.#QNAN0, 1.#QNAN0, 0.000000, 1.#QNAN0, 0.342908, 0.000000, 0.374228, 31.000000, 32.599998, 35.000000
14, 10, 1, 4, 1002, 1.#QNAN0, 0.000000, 1.#QNAN0, 1.#QNAN0, 0.000000, 1.#QNAN0, 0.333423, 0.000000, 0.358121, 7.000000, 11.600000, 27.000000
14, 10, 15, 4, 1002, 1.#QNAN0, 0.000000, 1.#QNAN0, 0.000000, 0.000000, 0.000000, 0.342908, 0.000000, 0.379597, 5.000000, 6.400000, 7.000000
14, 10, 29, 4, 1002, 1.#QNAN0, 0.000000, 1.#QNAN0, 0.000000, 0.000000, 0.000000, 0.328859, 0.000000, 0.607606, 5.000000, 5.200000, 6.000000
14, 13, 1, 4, 1002, 1.#QNAN0, 0.000000, 1.#QNAN0, 0.000000, 0.000000, 0.000000, 0.333423, 0.000000, 0.374228, 5.000000, 5.200000, 6.000000
14, 13, 15, 4, 1002, 1.#QNAN0, 0.000000, 1.#QNAN0, 0.000000, 0.000000, 0.000000, 0.333423, 0.000000, 0.363311, 5.000000, 5.400000, 6.000000
14, 13, 29, 4, 1002, 1.#QNAN0, 0.000000, 1.#QNAN0, 0.000000, 0.000000, 0.000000, 0.333423, 0.000000, 0.558389, 5.000000, 5.200000, 6.000000
25, 1, 1, 4, 1002, 1.#QNAN0, 0.000000, 1.#QNAN0, 0.000000, 0.000000, 0.000000, 0.328859, 0.000000, 0.558210, 5.000000, 5.200000, 6.000000
25, 1, 15, 4, 1002, 1.#QNAN0, 0.000000, 1.#QNAN0, 0.000000, 0.000000, 0.000000, 0.333423, 0.000000, 0.363311, 5.000000, 5.200000, 6.000000
25, 1, 29, 4, 1002, 1.#QNAN0, 0.000000, 1.#QNAN0, 0.000000, 0.000000, 0.000000, 0.333423, 0.000000, 0.600268, 5.000000, 5.400000, 6.000000
25, 7, 1, 4, 1002, 1.#QNAN0, 0.000000, 1.#QNAN0, 0.000000, 0.000000, 0.000000, 0.333423, 0.000000, 0.602864, 5.000000, 5.200000, 6.000000
25, 7, 15, 4, 1002, 1.#QNAN0, 0.000000, 1.#QNAN0, 0.000000, 0.000000, 0.000000, 0.328859, 0.000000, 0.642864, 5.000000, 5.200000, 6.000000
25, 7, 29, 4, 1002, 1.#QNAN0, 0.000000, 1.#QNAN0, 0.000000, 0.000000, 0.000000, 0.328859, 0.000000, 0.353110, 5.000000, 5.200000, 6.000000
25, 13, 1, 4, 1002, 1.#QNAN0, 0.000000, 1.#QNAN0, 0.000000, 0.000000, 0.000000, 0.338166, 0.000000, 0.358121, 5.000000, 5.200000, 6.000000
25, 13, 15, 4, 1002, 1.#QNAN0, 0.000000, 1.#QNAN0, 1.#QNAN0, 0.000000, 1.#QNAN0, 0.333423, 0.000000, 0.615839, 5.000000, 5.400000, 6.000000
25, 13, 29, 4, 1002, 1.#QNAN0, 0.000000, 1.#QNAN0, 0.000000, 0.000000, 0.000000, 0.333423, 0.000000, 0.659866, 5.000000, 5.200000, 6.000000
25, 19, 1, 4, 1002, 1.#QNAN0, 0.000000, 1.#QNAN0, 0.000000, 0.000000, 0.000000, 0.333423, 0.000000, 0.661029, 5.000000, 5.200000, 6.000000
25, 19, 15, 4, 1002, 1.#QNAN0, 0.000000, 1.#QNAN0, 0.000000, 0.000000, 0.000000, 0.333423, 0.000000, 0.597584, 5.000000, 5.200000, 6.000000
25, 19, 29, 4, 1002, 1.#QNAN0, 0.000000, 1.#QNAN0, 0.000000, 0.000000, 0.000000, 0.333423, 0.000000, 0.613244, 5.000000, 5.200000, 6.000000
25, 25, 1, 4, 1002, 1.#QNAN0, 0.000000, 1.#QNAN0, 0.000000, 0.000000, 0.000000, 0.338166, 0.000000, 0.598568, 5.000000, 5.200000, 6.000000
25, 25, 15, 4, 1002, 1.#QNAN0, 0.000000, 1.#QNAN0, 0.000000, 0.000000, 0.000000, 0.338166, 0.000000, 0.353110, 5.000000, 5.200000, 6.000000
25, 25, 29, 4, 1002, 1.#QNAN0, 0.000000, 1.#QNAN0, 0.000000, 0.000000, 0.000000, 0.328859, 0.000000, 0.379597, 5.000000, 5.200000, 6.000000
36, 1, 1, 4, 1002, 1.#QNAN0, 0.000000, 1.#QNAN0, 0.000000, 0.000000, 0.000000, 0.333423, 0.000000, 0.554094, 5.000000, 5.200000, 6.000000
36, 1, 15, 4, 1002, 1.#QNAN0, 0.000000, 1.#QNAN0, 1.#QNAN0, 0.000000, 1.#QNAN0, 0.342908, 0.000000, 0.363311, 5.000000, 5.200000, 6.000000
36, 1, 29, 4, 1002, 1.#QNAN0, 0.000000, 1.#QNAN0, 0.000000, 0.000000, 0.000000, 0.342908, 0.000000, 0.358121, 5.000000, 5.200000, 6.000000
36, 9, 1, 4, 1002, 1.#QNAN0, 0.000000, 1.#QNAN0, 1.#QNAN0, 0.000000, 1.#QNAN0, 0.333423, 0.000000, 0.579687, 5.000000, 5.400000, 6.000000
36, 9, 15, 4, 1002, 1.#QNAN0, 0.000000, 1.#QNAN0, 0.000000, 0.000000, 0.000000, 0.333423, 0.000000, 0.669441, 5.000000, 5.200000, 6.000000
36, 9, 29, 4, 1002, 1.#QNAN0, 0.000000, 1.#QNAN0, 0.000000, 0.000000, 0.000000, 0.328859, 0.000000, 0.363311, 5.000000, 5.200000, 6.000000
36, 17, 1, 4, 1002, 1.#QNAN0, 0.000000, 1.#QNAN0, 1.#QNAN0, 0.000000, 1.#QNAN0, 0.338166, 0.000000, 0.560358, 5.000000, 5.200000, 6.000000
36, 17, 15, 4, 1002, 1.#QNAN0, 0.000000, 1.#QNAN0, 0.000000, 0.000000, 0.000000, 0.333423, 0.000000, 0.379597, 5.000000, 5.200000, 6.000000
36, 17, 29, 4, 1002, 1.#QNAN0, 0.000000, 1.#QNAN0, 0.000000, 0.000000, 0.000000, 0.342908, 0.000000, 0.363311, 5.000000, 5.200000, 6.000000
36, 25, 1, 4, 1002, 1.#QNAN0, 0.000000, 1.#QNAN0, 0.000000, 0.000000, 0.000000, 0.328859, 0.000000, 0.358121, 5.000000, 5.200000, 6.000000
36, 25, 15, 4, 1002, 1.#QNAN0, 0.000000, 1.#QNAN0, 0.000000, 0.000000, 0.000000, 0.342908, 0.000000, 0.379418, 5.000000, 5.200000, 6.000000
36, 25, 29, 4, 1002, 1.#QNAN0, 0.000000, 1.#QNAN0, 0.000000, 0.000000, 0.000000, 0.342908, 0.000000, 0.662192, 5.000000, 5.400000, 6.000000
36, 33, 1, 4, 1002, 1.#QNAN0, 0.000000, 1.#QNAN0, 0.000000, 0.000000, 0.000000, 0.342908, 0.000000, 0.569038, 5.000000, 5.200000, 6.000000
36, 33, 15, 4, 1002, 1.#QNAN0, 0.000000, 1.#QNAN0, 0.000000, 0.000000, 0.000000, 0.348188, 0.000000, 0.598747, 5.000000, 5.200000, 6.000000
36, 33, 29, 4, 1002, 1.#QNAN0, 0.000000, 1.#QNAN0, 1.#QNAN0, 0.000000, 1.#QNAN0, 0.333423, 0.000000, 0.602058, 5.000000, 5.200000, 6.000000
3, 1, 1, 16, 2, 1.#QNAN0, 0.000000, 1.#QNAN0, 1.#QNAN0, 0.000000, 1.#QNAN0, 0.328859, 0.000000, 0.358121, 0.000000, 0.000000, 0.000000
3, 1, 15, 16, 2, 1.#QNAN0, 0.000000, 1.#QNAN0, 1.#QNAN0, 0.000000, 1.#QNAN0, 0.328859, 0.000000, 0.665056, 0.000000, 0.200000, 1.000000
3, 1, 29, 16, 2, 1.#QNAN0, 0.000000, 1.#QNAN0, 1.#QNAN0, 0.000000, 1.#QNAN0, 0.328859, 0.000000, 0.665056, 0.000000, 0.000000, 0.000000
3, 2, 1, 16, 2, 1.#QNAN0, 0.000000, 1.#QNAN0, 1.#QNAN0, 0.000000, 1.#QNAN0, 0.328859, 0.000000, 0.665056, 0.000000, 0.000000, 0.000000
3, 2, 15, 16, 2, 1.#QNAN0, 0.000000, 1.#QNAN0, 0.000000, 0.000000, 0.000000, 0.328859, 0.000000, 0.665056, 0.000000, 0.200000, 1.000000
3, 2, 29, 16, 2, 1.#QNAN0, 0.000000, 1.#QNAN0, 0.000000, 0.000000, 0.000000, 0.333423, 0.000000, 0.358210, 0.000000, 0.000000, 0.000000
3, 3, 1, 16, 2, 1.#QNAN0, 0.000000, 1.#QNAN0, 0.000000, 0.000000, 0.000000, 0.333423, 0.000000, 0.358210, 1.000000, 0.200000, 1.000000
3, 3, 15, 16, 2, 1.#QNAN0, 0.000000, 1.#QNAN0, 1.#QNAN0, 0.000000, 1.#QNAN0, 0.333423, 0.000000, 0.653691, 0.000000, 0.000000, 0.000000
3, 3, 29, 16, 2, 1.#QNAN0, 0.000000, 1.#QNAN0, 1.#QNAN0, 0.000000, 1.#QNAN0, 0.333423, 0.000000, 0.653691, 0.000000, 0.000000, 0.000000
14, 1, 1, 16, 2, 1.#QNAN0, 0.000000, 1.#QNAN0, 1.#QNAN0, 0.000000, 1.#QNAN0, 0.333423, 0.000000, 0.653691, 0.000000, 0.200000, 1.000000
14, 1, 15, 16, 2, 1.#QNAN0, 0.000000, 1.#QNAN0, 1.#QNAN0, 0.000000, 1.#QNAN0, 0.333423, 0.000000, 0.653065, 0.000000, 0.000000, 0.000000
14, 1, 29, 16, 2, 1.#QNAN0, 0.000000, 1.#QNAN0, 1.#QNAN0, 0.000000, 1.#QNAN0, 0.333423, 0.000000, 0.653065, 0.000000, 0.000000, 0.000000
14, 4, 1, 16, 2, 1.#QNAN0, 0.000000, 1.#QNAN0, 0.000000, 0.000000, 0.000000, 0.333423, 0.000000, 0.653065, 0.000000, 0.200000, 1.000000
14, 4, 15, 16, 2, 1.#QNAN0, 0.000000, 1.#QNAN0, 0.000000, 0.000000, 0.000000, 0.342908, 0.000000, 0.379597, 0.000000, 0.000000, 0.000000
14, 4, 29, 16, 2, 1.#QNAN0, 0.000000, 1.#QNAN0, 0.000000, 0.000000, 0.000000, 0.342908, 0.000000, 0.379597, 0.000000, 0.000000, 0.000000
14, 7, 1, 16, 2, 1.#QNAN0, 0.000000, 1.#QNAN0, 1.#QNAN0, 0.000000, 1.#QNAN0, 0.328859, 0.000000, 0.379597, 0.000000, 0.200000, 1.000000
14, 7, 15, 16, 2, 1.#QNAN0, 0.000000, 1.#QNAN0, 1.#QNAN0, 0.000000, 1.#QNAN0, 0.328859, 0.000000, 0.379597, 0.000000, 0.000000, 0.000000
14, 7, 29, 16, 2, 1.#QNAN0, 0.000000, 1.#QNAN0, 1.#QNAN0, 0.000000, 1.#QNAN0, 0.328859, 0.000000, 0.379597, 1.000000, 0.200000, 1.000000
14, 10, 1, 16, 2, 1.#QNAN0, 0.000000, 1.#QNAN0, 1.#QNAN0, 0.000000, 1.#QNAN0, 0.328859, 0.000000, 0.374228, 0.000000, 0.000000, 0.000000
14, 10, 15, 16, 2, 1.#QNAN0, 0.000000, 1.#QNAN0, 1.#QNAN0, 0.000000, 1.#QNAN0, 0.328859, 0.000000, 0.374228, 0.000000, 0.000000, 0.000000
14, 10, 29, 16, 2, 1.#QNAN0, 0.000000, 1.#QNAN0, 1.#QNAN0, 0.000000, 1.#QNAN0, 0.328859, 0.000000, 0.703982, 0.000000, 0.200000, 1.000000
14, 13, 1, 16, 2, 1.#QNAN0, 0.000000, 1.#QNAN0, 1.#QNAN0, 0.000000, 1.#QNAN0, 0.333423, 0.000000, 0.703982, 0.000000, 0.000000, 0.000000
14, 13, 15, 16, 2, 1.#QNAN0, 0.000000, 1.#QNAN0, 1.#QNAN0, 0.000000, 1.#QNAN0, 0.333423, 0.000000, 0.703982, 0.000000, 0.000000, 0.000000
14, 13, 29, 16, 2, 1.#QNAN0, 0.000000, 1.#QNAN0, 1.#QNAN0, 0.000000, 1.#QNAN0, 0.333423, 0.000000, 0.703982, 0.000000, 0.200000, 1.000000
25, 1, 1, 16, 2, 1.#QNAN0, 0.000000, 1.#QNAN0, 1.#QNAN0, 0.000000, 1.#QNAN0, 0.342908, 0.000000, 0.700940, 0.000000, 0.000000, 0.000000
25, 1, 15, 16, 2, 1.#QNAN0, 0.000000, 1.#QNAN0, 1.#QNAN0, 0.000000, 1.#QNAN0, 0.342908, 0.000000, 0.700940, 0.000000, 0.000000, 0.000000
25, 1, 29, 16, 2, 1.#QNAN0, 0.000000, 1.#QNAN0, 1.#QNAN0, 0.000000, 1.#QNAN0, 0.333423, 0.000000, 0.700940, 0.000000, 0.200000, 1.000000
25, 7, 1, 16, 2, 1.#QNAN0, 0.000000, 1.#QNAN0, 1.#QNAN0, 0.000000, 1.#QNAN0, 0.333423, 0.000000, 0.660850, 0.000000, 0.000000, 0.000000
25, 7, 15, 16, 2, 1.#QNAN0, 0.000000, 1.#QNAN0, 1.#QNAN0, 0.000000, 1.#QNAN0, 0.328859, 0.000000, 0.676421, 0.000000, 0.200000, 1.000000
25, 7, 29, 16, 2, 1.#QNAN0, 0.000000, 1.#QNAN0, 1.#QNAN0, 0.000000, 1.#QNAN0, 0.328859, 0.000000, 0.676421, 0.000000, 0.000000, 0.000000
25, 13, 1, 16, 2, 1.#QNAN0, 0.000000, 1.#QNAN0, 1.#QNAN0, 0.000000, 1.#QNAN0, 0.328859, 0.000000, 0.676421, 0.000000, 0.000000, 0.000000
25, 13, 15, 16, 2, 1.#QNAN0, 0.000000, 1.#QNAN0, 1.#QNAN0, 0.000000, 1.#QNAN0, 0.328859, 0.000000, 0.676421, 0.000000, 0.200000, 1.000000
25, 13, 29, 16, 2, 1.#QNAN0, 0.000000, 1.#QNAN0, 1.#QNAN0, 0.000000, 1.#QNAN0, 0.333423, 0.000000, 0.379597, 0.000000, 0.000000, 0.000000
25, 19, 1, 16, 2, 1.#QNAN0, 0.000000, 1.#QNAN0, 1.#QNAN0, 0.000000, 1.#QNAN0, 0.333423, 0.000000, 0.379597, 0.000000, 0.000000, 0.000000
25, 19, 15, 16, 2, 1.#QNAN0, 0.000000, 1.#QNAN0, 1.#QNAN0, 0.000000, 1.#QNAN0, 0.333423, 0.000000, 0.669262, 0.000000, 0.200000, 1.000000
25, 19, 29, 16, 2, 1.#QNAN0, 0.000000, 1.#QNAN0, 1.#QNAN0, 0.000000, 1.#QNAN0, 0.338166, 0.000000, 0.669262, 0.000000, 0.000000, 0.000000
25, 25, 1, 16, 2, 1.#QNAN0, 0.000000, 1.#QNAN0, 1.#QNAN0, 0.000000, 1.#QNAN0, 0.338166, 0.000000, 0.669262, 0.000000, 0.000000, 0.000000
25, 25, 15, 16, 2, 1.#QNAN0, 0.000000, 1.#QNAN0, 1.#QNAN0, 0.000000, 1.#QNAN0, 0.333423, 0.000000, 0.669262, 0.000000, 0.200000, 1.000000
25, 25, 29, 16, 2, 1.#QNAN0, 0.000000, 1.#QNAN0, 1.#QNAN0, 0.000000, 1.#QNAN0, 0.333423, 0.000000, 0.374228, 0.000000, 0.000000, 0.000000
36, 1, 1, 16, 2, 1.#QNAN0, 0.000000, 1.#QNAN0, 0.000000, 0.000000, 0.000000, 0.328859, 0.000000, 0.374228, 0.000000, 0.200000, 1.000000
36, 1, 15, 16, 2, 1.#QNAN0, 0.000000, 1.#QNAN0, 0.000000, 0.000000, 0.000000, 0.328859, 0.000000, 0.363311, 0.000000, 0.000000, 0.000000
36, 1, 29, 16, 2, 1.#QNAN0, 0.000000, 1.#QNAN0, 0.000000, 0.000000, 0.000000, 0.328859, 0.000000, 0.363311, 0.000000, 0.000000, 0.000000
36, 9, 1, 16, 2, 1.#QNAN0, 0.000000, 1.#QNAN0, 1.#QNAN0, 0.000000, 1.#QNAN0, 0.328859, 0.000000, 0.703266, 0.000000, 0.200000, 1.000000
36, 9, 15, 16, 2, 1.#QNAN0, 0.000000, 1.#QNAN0, 1.#QNAN0, 0.000000, 1.#QNAN0, 0.333423, 0.000000, 0.703266, 0.000000, 0.000000, 0.000000
36, 9, 29, 16, 2, 1.#QNAN0, 0.000000, 1.#QNAN0, 1.#QNAN0, 0.000000, 1.#QNAN0, 0.333423, 0.000000, 0.703266, 0.000000, 0.000000, 0.000000
36, 17, 1, 16, 2, 1.#QNAN0, 0.000000, 1.#QNAN0, 0.000000, 0.000000, 0.000000, 0.333423, 0.000000, 0.703266, 0.000000, 0.200000, 1.000000
36, 17, 15, 16, 2, 1.#QNAN0, 0.000000, 1.#QNAN0, 0.000000, 0.000000, 0.000000, 0.333423, 0.000000, 0.617002, 0.000000, 0.000000, 0.000000
36, 17, 29, 16, 2, 1.#QNAN0, 0.000000, 1.#QNAN0, 1.#QNAN0, 0.000000, 1.#QNAN0, 0.328859, 0.000000, 0.643490, 0.000000, 0.200000, 1.000000
36, 25, 1, 16, 2, 1.#QNAN0, 0.000000, 1.#QNAN0, 1.#QNAN0, 0.000000, 1.#QNAN0, 0.328859, 0.000000, 0.643490, 0.000000, 0.000000, 0.000000
36, 25, 15, 16, 2, 1.#QNAN0, 0.000000, 1.#QNAN0, 1.#QNAN0, 0.000000, 1.#QNAN0, 0.328859, 0.000000, 0.643490, 0.000000, 0.000000, 0.000000
36, 25, 29, 16, 2, 1.#QNAN0, 0.000000, 1.#QNAN0, 0.000000, 0.000000, 0.000000, 0.328859, 0.000000, 0.643490, 0.000000, 0.200000, 1.000000
36, 33, 1, 16, 2, 1.#QNAN0, 0.000000, 1.#QNAN0, 0.000000, 0.000000, 0.000000, 0.328859, 0.000000, 0.642416, 0.000000, 0.000000, 0.000000
36, 33, 15, 16, 2, 1.#QNAN0, 0.000000, 1.#QNAN0, 0.000000, 0.000000, 0.000000, 0.328859, 0.000000, 0.642416, 0.000000, 0.000000, 0.000000
36, 33, 29, 16, 2, 1.#QNAN0, 0.000000, 1.#QNAN0, 1.#QNAN0, 0.000000, 1.#QNAN0, 0.328859, 0.000000, 0.642416, 0.000000, 0.200000, 1.000000
3, 1, 1, 16, 502, 1.#QNAN0, 0.000000, 1.#QNAN0, 1.#QNAN0, 0.000000, 1.#QNAN0, 0.333423, 0.000000, 0.662998, 2.000000, 2.600000, 3.000000
3, 1, 15, 16, 502, 1.#QNAN0, 0.000000, 1.#QNAN0, 0.000000, 0.000000, 0.000000, 0.342908, 0.000000, 0.654855, 2.000000, 2.800000, 3.000000
3, 1, 29, 16, 502, 1.#QNAN0, 0.000000, 1.#QNAN0, 0.000000, 0.000000, 0.000000, 0.333423, 0.000000, 0.363311, 2.000000, 2.600000, 3.000000
3, 2, 1, 16, 502, 1.#QNAN0, 0.000000, 1.#QNAN0, 1.#QNAN0, 0.000000, 1.#QNAN0, 0.333423, 0.000000, 0.358121, 2.000000, 2.600000, 3.000000
3, 2, 15, 16, 502, 1.#QNAN0, 0.000000, 1.#QNAN0, 0.000000, 0.000000, 0.000000, 0.333423, 0.000000, 0.379597, 2.000000, 2.800000, 3.000000
3, 2, 29, 16, 502, 1.#QNAN0, 0.000000, 1.#QNAN0, 0.000000, 0.000000, 0.000000, 0.342908, 0.000000, 0.374228, 2.000000, 2.600000, 3.000000
3, 3, 1, 16, 502, 1.#QNAN0, 0.000000, 1.#QNAN0, 0.000000, 0.000000, 0.000000, 0.328859, 0.000000, 0.379418, 2.000000, 2.800000, 3.000000
3, 3, 15, 16, 502, 1.#QNAN0, 0.000000, 1.#QNAN0, 0.000000, 0.000000, 0.000000, 0.328859, 0.000000, 0.666577, 2.000000, 2.600000, 3.000000
3, 3, 29, 16, 502, 1.#QNAN0, 0.000000, 1.#QNAN0, 0.000000, 0.000000, 0.000000, 0.328859, 0.000000, 0.374228, 2.000000, 2.600000, 3.000000
14, 1, 1, 16, 502, 1.#QNAN0, 0.000000, 1.#QNAN0, 0.000000, 0.000000, 0.000000, 0.328859, 0.000000, 0.644206, 2.000000, 2.600000, 3.000000
14, 1, 15, 16, 502, 1.#QNAN0, 0.000000, 1.#QNAN0, 0.000000, 0.000000, 0.000000, 0.338166, 0.000000, 0.379597, 2.000000, 2.600000, 3.000000
14, 1, 29, 16, 502, 1.#QNAN0, 0.000000, 1.#QNAN0, 1.#QNAN0, 0.000000, 1.#QNAN0, 0.328859, 0.000000, 0.358121, 2.000000, 2.800000, 3.000000
14, 4, 1, 16, 502, 1.#QNAN0, 0.000000, 1.#QNAN0, 0.000000, 0.000000, 0.000000, 0.333423, 0.000000, 0.358210, 2.000000, 2.600000, 3.000000
14, 4, 15, 16, 502, 1.#QNAN0, 0.000000, 1.#QNAN0, 1.#QNAN0, 0.000000, 1.#QNAN0, 0.333423, 0.000000, 0.632483, 2.000000, 2.800000, 3.000000
14, 4, 29, 16, 502, 1.#QNAN0, 0.000000, 1.#QNAN0, 0.000000, 0.000000, 0.000000, 0.328859, 0.000000, 0.374228, 2.000000, 2.600000, 3.000000
14, 7, 1, 16, 502, 1.#QNAN0, 0.000000, 1.#QNAN0, 1.#QNAN0, 0.000000, 1.#QNAN0, 0.328859, 0.000000, 0.619508, 2.000000, 2.600000, 3.000000
14, 7, 15, 16, 502, 1.#QNAN0, 0.000000, 1.#QNAN0, 0.000000, 0.000000, 0.000000, 0.338166, 0.000000, 0.379597, 2.000000, 2.800000, 3.000000
14, 7, 29, 16, 502, 1.#QNAN0, 0.000000, 1.#QNAN0, 0.000000, 0.000000, 0.000000, 0.333423, 0.000000, 0.669262, 2.000000, 2.600000, 3.000000
14, 10, 1, 16, 502, 1.#QNAN0, 0.000000, 1.#QNAN0, 0.000000, 0.000000, 0.000000, 0.328859, 0.000000, 0.659776, 2.000000, 2.800000, 3.000000
14, 10, 15, 16, 502, 1.#QNAN0, 0.000000, 1.#QNAN0, 0.000000, 0.000000, 0.000000, 0.328859, 0.000000, 0.357942, 2.000000, 2.600000, 3.000000
14, 10, 29, 16, 502, 1.#QNAN0, 0.000000, 1.#QNAN0, 0.000000, 0.000000, 0.000000, 0.328859, 0.000000, 0.669441, 2.000000, 2.800000, 3.000000
14, 13, 1, 16, 502, 1.#QNAN0, 0.000000, 1.#QNAN0, 0.000000, 0.000000, 0.000000, 0.328859, 0.000000, 0.363311, 2.000000, 2.600000, 3.000000
14, 13, 15, 16, 502, 1.#QNAN0, 0.000000, 1.#QNAN0, 0.000000, 0.000000, 0.000000, 0.342908, 0.000000, 0.649664, 2.000000, 2.600000, 3.000000
14, 13, 29, 16, 502, 1.#QNAN0, 0.000000, 1.#QNAN0, 0.000000, 0.000000, 0.000000, 0.333423, 0.000000, 0.363311, 2.000000, 2.800000, 3.000000
25, 1, 1, 16, 502, 1.#QNAN0, 0.000000, 1.#QNAN0, 0.000000, 0.000000, 0.000000, 0.328859, 0.000000, 0.353110, 2.000000, 2.600000, 3.000000
25, 1, 15, 16, 502, 1.#QNAN0, 0.000000, 1.#QNAN0, 1.#QNAN0, 0.000000, 1.#QNAN0, 0.328859, 0.000000, 0.657629, 2.000000, 2.800000, 3.000000
25, 1, 29, 16, 502, 1.#QNAN0, 0.000000, 1.#QNAN0, 0.000000, 0.000000, 0.000000, 0.333423, 0.000000, 0.626130, 2.000000, 2.600000, 3.000000
25, 7, 1, 16, 502, 1.#QNAN0, 0.000000, 1.#QNAN0, 0.000000, 0.000000, 0.000000, 0.333423, 0.000000, 0.379418, 2.000000, 2.800000, 3.000000
25, 7, 15, 16, 502, 1.#QNAN0, 0.000000, 1.#QNAN0, 0.000000, 0.000000, 0.000000, 0.333423, 0.000000, 0.379597, 2.000000, 2.600000, 3.000000
25, 7, 29, 16, 502, 1.#QNAN0, 0.000000, 1.#QNAN0, 0.000000, 0.000000, 0.000000, 0.333423, 0.000000, 0.379597, 2.000000, 2.800000, 3.000000
25, 13, 1, 16, 502, 1.#QNAN0, 0.000000, 1.#QNAN0, 1.#QNAN0, 0.000000, 1.#QNAN0, 0.328859, 0.000000, 0.379597, 2.000000, 2.600000, 3.000000
25, 13, 15, 16, 502, 1.#QNAN0, 0.000000, 1.#QNAN0, 0.000000, 0.000000, 0.000000, 0.328859, 0.000000, 0.368949, 2.000000, 2.800000, 3.000000
25, 13, 29, 16, 502, 1.#QNAN0, 0.000000, 1.#QNAN0, 0.000000, 0.000000, 0.000000, 0.333423, 0.000000, 0.358121, 2.000000, 2.600000, 3.000000
25, 19, 1, 16, 502, 1.#QNAN0, 0.000000, 1.#QNAN0, 0.000000, 0.000000, 0.000000, 0.328859, 0.000000, 0.368949, 2.000000, 2.600000, 3.000000
25, 19, 15, 16, 502, 1.#QNAN0, 0.000000, 1.#QNAN0, 0.000000, 0.000000, 0.000000, 0.333423, 0.000000, 0.667562, 2.000000, 2.800000, 4.000000
25, 19, 29, 16, 502, 1.#QNAN0, 0.000000, 1.#QNAN0, 0.000000, 0.000000, 0.000000, 0.328859, 0.000000, 0.379418, 2.000000, 2.800000, 3.000000
25, 25, 1, 16, 502, 1.#QNAN0, 0.000000, 1.#QNAN0, 1.#QNAN0, 0.000000, 1.#QNAN0, 0.328859, 0.000000, 0.358210, 2.000000, 2.600000, 3.000000
25, 25, 15, 16, 502, 1.#QNAN0, 0.000000, 1.#QNAN0, 0.000000, 0.000000, 0.000000, 0.328859, 0.000000, 0.358210, 2.000000, 2.800000, 3.000000
25, 25, 29, 16, 502, 1.#QNAN0, 0.000000, 1.#QNAN0, 1.#QNAN0, 0.000000, 1.#QNAN0, 0.328859, 0.000000, 0.358121, 2.000000, 2.600000, 3.000000
36, 1, 1, 16, 502, 1.#QNAN0, 0.000000, 1.#QNAN0, 0.000000, 0.000000, 0.000000, 0.338166, 0.000000, 0.363311, 2.000000, 2.800000, 3.000000
36, 1, 15, 16, 502, 1.#QNAN0, 0.000000, 1.#QNAN0, 0.000000, 0.000000, 0.000000, 0.333423, 0.000000, 0.374228, 2.000000, 2.600000, 3.000000
36, 1, 29, 16, 502, 1.#QNAN0, 0.000000, 1.#QNAN0, 0.000000, 0.000000, 0.000000, 0.328859, 0.000000, 0.358121, 2.000000, 2.600000, 3.000000
36, 9, 1, 16, 502, 1.#QNAN0, 0.000000, 1.#QNAN0, 0.000000, 0.000000, 0.000000, 0.333423, 0.000000, 0.374228, 2.000000, 2.800000, 3.000000
36, 9, 15, 16, 502, 1.#QNAN0, 0.000000, 1.#QNAN0, 0.000000, 0.000000, 0.000000, 0.328859, 0.000000, 0.363311, 2.000000, 2.600000, 3.000000
36, 9, 29, 16, 502, 1.#QNAN0, 0.000000, 1.#QNAN0, 1.#QNAN0, 0.000000, 1.#QNAN0, 0.333423, 0.000000, 0.379597, 2.000000, 2.800000, 3.000000
36, 17, 1, 16, 502, 1.#QNAN0, 0.000000, 1.#QNAN0, 0.000000, 0.000000, 0.000000, 0.328859, 0.000000, 0.379597, 2.000000, 2.600000, 3.000000
36, 17, 15, 16, 502, 1.#QNAN0, 0.000000, 1.#QNAN0, 1.#QNAN0, 0.000000, 1.#QNAN0, 0.348188, 0.000000, 0.358121, 2.000000, 2.800000, 3.000000
36, 17, 29, 16, 502, 1.#QNAN0, 0.000000, 1.#QNAN0, 0.000000, 0.000000, 0.000000, 0.328859, 0.000000, 0.379597, 2.000000, 2.600000, 3.000000
36, 25, 1, 16, 502, 1.#QNAN0, 0.000000, 1.#QNAN0, 0.000000, 0.000000, 0.000000, 0.328859, 0.000000, 0.379597, 2.000000, 2.800000, 3.000000
36, 25, 15, 16, 502, 1.#QNAN0, 0.000000, 1.#QNAN0, 0.000000, 0.000000, 0.000000, 0.342908, 0.000000, 0.379597, 2.000000, 2.600000, 3.000000
36, 25, 29, 16, 502, 1.#QNAN0, 0.000000, 1.#QNAN0, 1.#QNAN0, 0.000000, 1.#QNAN0, 0.342908, 0.000000, 0.357942, 2.000000, 2.600000, 3.000000
36, 33, 1, 16, 502, 1.#QNAN0, 0.000000, 1.#QNAN0, 0.000000, 0.000000, 0.000000, 0.352931, 0.000000, 0.668725, 2.000000, 2.800000, 3.000000
36, 33, 15, 16, 502, 1.#QNAN0, 0.000000, 1.#QNAN0, 0.000000, 0.000000, 0.000000, 0.328859, 0.000000, 0.358121, 2.000000, 2.600000, 3.000000
36, 33, 29, 16, 502, 1.#QNAN0, 0.000000, 1.#QNAN0, 1.#QNAN0, 0.000000, 1.#QNAN0, 0.333423, 0.000000, 0.661834, 2.000000, 2.800000, 3.000000
3, 1, 1, 16, 1002, 1.#QNAN0, 0.000000, 1.#QNAN0, 0.000000, 0.000000, 0.000000, 0.328859, 0.000000, 0.353110, 5.000000, 5.200000, 6.000000
3, 1, 15, 16, 1002, 1.#QNAN0, 0.000000, 1.#QNAN0, 0.000000, 0.000000, 0.000000, 0.328859, 0.000000, 0.353110, 5.000000, 5.400000, 6.000000
3, 1, 29, 16, 1002, 1.#QNAN0, 0.000000, 1.#QNAN0, 0.000000, 0.000000, 0.000000, 0.338166, 0.000000, 0.363311, 5.000000, 5.200000, 6.000000
3, 2, 1, 16, 1002, 1.#QNAN0, 0.000000, 1.#QNAN0, 0.000000, 0.000000, 0.000000, 0.342908, 0.000000, 0.656734, 5.000000, 5.400000, 6.000000
3, 2, 15, 16, 1002, 1.#QNAN0, 0.000000, 1.#QNAN0, 1.#QNAN0, 0.000000, 1.#QNAN0, 0.338166, 0.000000, 0.660492, 5.000000, 5.200000, 6.000000
3, 2, 29, 16, 1002, 1.#QNAN0, 0.000000, 1.#QNAN0, 1.#QNAN0, 0.000000, 1.#QNAN0, 0.328859, 0.000000, 0.363311, 5.000000, 5.400000, 6.000000
3, 3, 1, 16, 1002, 1.#QNAN0, 0.000000, 1.#QNAN0, 0.000000, 0.000000, 0.000000, 0.333423, 0.000000, 0.374228, 5.000000, 5.200000, 6.000000
3, 3, 15, 16, 1002, 1.#QNAN0, 0.000000, 1.#QNAN0, 0.000000, 0.000000, 0.000000, 0.333423, 0.000000, 0.358121, 5.000000, 5.400000, 6.000000
3, 3, 29, 16, 1002, 1.#QNAN0, 0.000000, 1.#QNAN0, 1.#QNAN0, 0.000000, 1.#QNAN0, 0.338166, 0.000000, 0.374228, 5.000000, 5.200000, 6.000000
14, 1, 1, 16, 1002, 1.#QNAN0, 0.000000, 1.#QNAN0, 0.000000, 0.000000, 0.000000, 0.328859, 0.000000, 0.379597, 5.000000, 5.400000, 6.000000
14, 1, 15, 16, 1002, 1.#QNAN0, 0.000000, 1.#QNAN0, 0.000000, 0.000000, 0.000000, 0.333423, 0.000000, 0.368949, 5.000000, 24.000000, 32.000000
14, 1, 29, 16, 1002, 1.#QNAN0, 0.000000, 1.#QNAN0, 0.000000, 0.000000, 0.000000, 0.328859, 0.000000, 0.669620, 31.000000, 31.200001, 32.000000
14, 4, 1, 16, 1002, 1.#QNAN0, 0.000000, 1.#QNAN0, 1.#QNAN0, 0.000000, 1.#QNAN0, 0.328859, 0.000000, 0.648591, 31.000000, 31.000000, 31.000000
14, 4, 15, 16, 1002, 1.#QNAN0, 0.000000, 1.#QNAN0, 1.#QNAN0, 0.000000, 1.#QNAN0, 0.328859, 0.000000, 0.657271, 31.000000, 31.200001, 32.000000
14, 4, 29, 16, 1002, 1.#QNAN0, 0.000000, 1.#QNAN0, 0.000000, 0.000000, 0.000000, 0.342908, 0.000000, 0.664966, 31.000000, 31.200001, 32.000000
14, 7, 1, 16, 1002, 1.#QNAN0, 0.000000, 1.#QNAN0, 0.000000, 0.000000, 0.000000, 0.328859, 0.000000, 0.653960, 31.000000, 31.000000, 31.000000
14, 7, 15, 16, 1002, 1.#QNAN0, 0.000000, 1.#QNAN0, 0.000000, 0.000000, 0.000000, 0.333423, 0.000000, 0.379597, 31.000000, 31.000000, 31.000000
14, 7, 29, 16, 1002, 1.#QNAN0, 0.000000, 1.#QNAN0, 0.000000, 0.000000, 0.000000, 0.338166, 0.000000, 0.656197, 31.000000, 31.200001, 32.000000
14, 10, 1, 16, 1002, 1.#QNAN0, 0.000000, 1.#QNAN0, 0.000000, 0.000000, 0.000000, 0.333423, 0.000000, 0.358121, 31.000000, 31.000000, 31.000000
14, 10, 15, 16, 1002, 1.#QNAN0, 0.000000, 1.#QNAN0, 0.000000, 0.000000, 0.000000, 0.348188, 0.000000, 0.363311, 31.000000, 31.200001, 32.000000
14, 10, 29, 16, 1002, 1.#QNAN0, 0.000000, 1.#QNAN0, 1.#QNAN0, 0.000000, 1.#QNAN0, 0.338166, 0.000000, 0.358121, 31.000000, 31.200001, 32.000000
14, 13, 1, 16, 1002, 1.#QNAN0, 0.000000, 1.#QNAN0, 1.#QNAN0, 0.000000, 1.#QNAN0, 0.333423, 0.000000, 0.652707, 31.000000, 31.000000, 31.000000
14, 13, 15, 16, 1002, 1.#QNAN0, 0.000000, 1.#QNAN0, 1.#QNAN0, 0.000000, 1.#QNAN0, 0.338166, 0.000000, 0.379418, 31.000000, 31.200001, 32.000000
14, 13, 29, 16, 1002, 1.#QNAN0, 0.000000, 1.#QNAN0, 0.000000, 0.000000, 0.000000, 0.338166, 0.000000, 0.604653, 31.000000, 31.200001, 32.000000
25, 1, 1, 16, 1002, 1.#QNAN0, 0.000000, 1.#QNAN0, 1.#QNAN0, 0.000000, 1.#QNAN0, 0.333423, 0.000000, 0.353110, 31.000000, 31.200001, 32.000000
25, 1, 15, 16, 1002, 1.#QNAN0, 0.000000, 1.#QNAN0, 0.000000, 0.000000, 0.000000, 0.328859, 0.000000, 0.642416, 31.000000, 31.000000, 31.000000
25, 1, 29, 16, 1002, 1.#QNAN0, 0.000000, 1.#QNAN0, 0.000000, 0.000000, 0.000000, 0.328859, 0.000000, 0.655660, 31.000000, 31.200001, 32.000000
25, 7, 1, 16, 1002, 1.#QNAN0, 0.000000, 1.#QNAN0, 1.#QNAN0, 0.000000, 1.#QNAN0, 0.328859, 0.000000, 0.363311, 31.000000, 31.000000, 31.000000
25, 7, 15, 16, 1002, 1.#QNAN0, 0.000000, 1.#QNAN0, 0.000000, 0.000000, 0.000000, 0.333423, 0.000000, 0.363311, 31.000000, 31.200001, 32.000000
25, 7, 29, 16, 1002, 1.#QNAN0, 0.000000, 1.#QNAN0, 0.000000, 0.000000, 0.000000, 0.338166, 0.000000, 0.363311, 31.000000, 31.200001, 32.000000
25, 13, 1, 16, 1002, 1.#QNAN0, 0.000000, 1.#QNAN0, 0.000000, 0.000000, 0.000000, 0.333423, 0.000000, 0.358121, 31.000000, 31.400000, 32.000000
25, 13, 15, 16, 1002, 1.#QNAN0, 0.000000, 1.#QNAN0, 0.000000, 0.000000, 0.000000, 0.328859, 0.000000, 0.634094, 31.000000, 31.400000, 32.000000
25, 13, 29, 16, 1002, 1.#QNAN0, 0.000000, 1.#QNAN0, 1.#QNAN0, 0.000000, 1.#QNAN0, 0.333423, 0.000000, 0.374228, 31.000000, 31.400000, 32.000000
25, 19, 1, 16, 1002, 1.#QNAN0, 0.000000, 1.#QNAN0, 0.000000, 0.000000, 0.000000, 0.328859, 0.000000, 0.379418, 31.000000, 31.400000, 32.000000
25, 19, 15, 16, 1002, 1.#QNAN0, 0.000000, 1.#QNAN0, 0.000000, 0.000000, 0.000000, 0.328859, 0.000000, 0.358121, 31.000000, 31.200001, 32.000000
25, 19, 29, 16, 1002, 1.#QNAN0, 0.000000, 1.#QNAN0, 1.#QNAN0, 0.000000, 1.#QNAN0, 0.333423, 0.000000, 0.651902, 31.000000, 31.000000, 31.000000
25, 25, 1, 16, 1002, 1.#QNAN0, 0.000000, 1.#QNAN0, 1.#QNAN0, 0.000000, 1.#QNAN0, 0.333423, 0.000000, 0.358121, 31.000000, 31.200001, 32.000000
25, 25, 15, 16, 1002, 1.#QNAN0, 0.000000, 1.#QNAN0, 0.000000, 0.000000, 0.000000, 0.328859, 0.000000, 0.657808, 31.000000, 31.000000, 31.000000
25, 25, 29, 16, 1002, 1.#QNAN0, 0.000000, 1.#QNAN0, 0.000000, 0.000000, 0.000000, 0.328859, 0.000000, 0.358121, 31.000000, 31.200001, 32.000000
36, 1, 1, 16, 1002, 1.#QNAN0, 0.000000, 1.#QNAN0, 1.#QNAN0, 0.000000, 1.#QNAN0, 0.342908, 0.000000, 0.379597, 31.000000, 31.200001, 32.000000
36, 1, 15, 16, 1002, 1.#QNAN0, 0.000000, 1.#QNAN0, 1.#QNAN0, 0.000000, 1.#QNAN0, 0.328859, 0.000000, 0.358121, 31.000000, 31.000000, 31.000000
36, 1, 29, 16, 1002, 1.#QNAN0, 0.000000, 1.#QNAN0, 1.#QNAN0, 0.000000, 1.#QNAN0, 0.338166, 0.000000, 0.353110, 31.000000, 31.200001, 32.000000
36, 9, 1, 16, 1002, 1.#QNAN0, 0.000000, 1.#QNAN0, 0.000000, 0.000000, 0.000000, 0.328859, 0.000000, 0.669530, 31.000000, 31.000000, 31.000000
36, 9, 15, 16, 1002, 1.#QNAN0, 0.000000, 1.#QNAN0, 0.000000, 0.000000, 0.000000, 0.328859, 0.000000, 0.647159, 31.000000, 31.200001, 32.000000
36, 9, 29, 16, 1002, 1.#QNAN0, 0.000000, 1.#QNAN0, 0.000000, 0.000000, 0.000000, 0.338166, 0.000000, 0.379418, 31.000000, 31.200001, 32.000000
36, 17, 1, 16, 1002, 1.#QNAN0, 0.000000, 1.#QNAN0, 0.000000, 0.000000, 0.000000, 0.333423, 0.000000, 0.358210, 31.000000, 31.000000, 31.000000
36, 17, 15, 16, 1002, 1.#QNAN0, 0.000000, 1.#QNAN0, 0.000000, 0.000000, 0.000000, 0.342908, 0.000000, 0.379597, 31.000000, 31.200001, 32.000000
36, 17, 29, 16, 1002, 1.#QNAN0, 0.000000, 1.#QNAN0, 0.000000, 0.000000, 0.000000, 0.328859, 0.000000, 0.653870, 31.000000, 31.400000, 32.000000
36, 25, 1, 16, 1002, 1.#QNAN0, 0.000000, 1.#QNAN0, 0.000000, 0.000000, 0.000000, 0.328859, 0.000000, 0.363311, 31.000000, 31.000000, 31.000000
36, 25, 15, 16, 1002, 1.#QNAN0, 0.000000, 1.#QNAN0, 0.000000, 0.000000, 0.000000, 0.328859, 0.000000, 0.379418, 31.000000, 31.200001, 32.000000
36, 25, 29, 16, 1002, 1.#QNAN0, 0.000000, 1.#QNAN0, 0.000000, 0.000000, 0.000000, 0.333423, 0.000000, 0.363311, 31.000000, 31.000000, 31.000000
36, 33, 1, 16, 1002, 1.#QNAN0, 0.000000, 1.#QNAN0, 0.000000, 0.000000, 0.000000, 0.328859, 0.000000, 0.374228, 31.000000, 31.200001, 32.000000
36, 33, 15, 16, 1002, 1.#QNAN0, 0.000000, 1.#QNAN0, 0.000000, 0.000000, 0.000000, 0.328859, 0.000000, 0.379597, 31.000000, 31.200001, 32.000000
36, 33, 29, 16, 1002, 1.#QNAN0, 0.000000, 1.#QNAN0, 0.000000, 0.000000, 0.000000, 0.338166, 0.000000, 0.358121, 31.000000, 31.000000, 31.000000
3, 1, 1, 64, 2, 1.#QNAN0, 0.000000, 1.#QNAN0, 1.#QNAN0, 0.000000, 1.#QNAN0, 0.328859, 0.000000, 0.667472, 1.000000, 0.600000, 1.000000
3, 1, 15, 64, 2, 1.#QNAN0, 0.000000, 1.#QNAN0, 1.#QNAN0, 0.000000, 1.#QNAN0, 0.328859, 0.000000, 0.697092, 1.000000, 0.600000, 1.000000
3, 1, 29, 64, 2, 1.#QNAN0, 0.000000, 1.#QNAN0, 1.#QNAN0, 0.000000, 1.#QNAN0, 0.328859, 0.000000, 0.694676, 0.000000, 0.400000, 1.000000
3, 2, 1, 64, 2, 1.#QNAN0, 0.000000, 1.#QNAN0, 1.#QNAN0, 0.000000, 1.#QNAN0, 0.328859, 0.000000, 0.694676, 1.000000, 0.600000, 1.000000
3, 2, 15, 64, 2, 1.#QNAN0, 0.000000, 1.#QNAN0, 1.#QNAN0, 0.000000, 1.#QNAN0, 0.328859, 0.000000, 0.707472, 0.000000, 0.400000, 1.000000
3, 2, 29, 64, 2, 1.#QNAN0, 0.000000, 1.#QNAN0, 1.#QNAN0, 0.000000, 1.#QNAN0, 0.328859, 0.000000, 0.707472, 0.000000, 0.600000, 1.000000
3, 3, 1, 64, 2, 1.#QNAN0, 0.000000, 1.#QNAN0, 1.#QNAN0, 0.000000, 1.#QNAN0, 0.328859, 0.000000, 0.681879, 1.000000, 0.600000, 1.000000
3, 3, 15, 64, 2, 1.#QNAN0, 0.000000, 1.#QNAN0, 1.#QNAN0, 0.000000, 1.#QNAN0, 0.328859, 0.000000, 0.678300, 0.000000, 0.400000, 1.000000
3, 3, 29, 64, 2, 1.#QNAN0, 0.000000, 1.#QNAN0, 1.#QNAN0, 0.000000, 1.#QNAN0, 0.328859, 0.000000, 0.686980, 1.000000, 0.600000, 1.000000
14, 1, 1, 64, 2, 1.#QNAN0, 0.000000, 1.#QNAN0, 1.#QNAN0, 0.000000, 1.#QNAN0, 0.328859, 0.000000, 0.689843, 1.000000, 0.600000, 1.000000
14, 1, 15, 64, 2, 1.#QNAN0, 0.000000, 1.#QNAN0, 1.#QNAN0, 0.000000, 1.#QNAN0, 0.328859, 0.000000, 0.696555, 0.000000, 0.400000, 1.000000
14, 1, 29, 64, 2, 1.#QNAN0, 0.000000, 1.#QNAN0, 1.#QNAN0, 0.000000, 1.#QNAN0, 0.328859, 0.000000, 0.690291, 1.000000, 0.600000, 1.000000
14, 4, 1, 64, 2, 1.#QNAN0, 0.000000, 1.#QNAN0, 1.#QNAN0, 0.000000, 1.#QNAN0, 0.328859, 0.000000, 0.700045, 0.000000, 0.400000, 1.000000
14, 4, 15, 64, 2, 1.#QNAN0, 0.000000, 1.#QNAN0, 1.#QNAN0, 0.000000, 1.#QNAN0, 0.328859, 0.000000, 0.700045, 0.000000, 0.600000, 1.000000
14, 4, 29, 64, 2, 1.#QNAN0, 0.000000, 1.#QNAN0, 1.#QNAN0, 0.000000, 1.#QNAN0, 0.328859, 0.000000, 0.695749, 1.000000, 0.600000, 1.000000
14, 7, 1, 64, 2, 1.#QNAN0, 0.000000, 1.#QNAN0, 1.#QNAN0, 0.000000, 1.#QNAN0, 0.328859, 0.000000, 0.669172, 0.000000, 0.400000, 1.000000
14, 7, 15, 64, 2, 1.#QNAN0, 0.000000, 1.#QNAN0, 1.#QNAN0, 0.000000, 1.#QNAN0, 0.328859, 0.000000, 0.659955, 1.000000, 0.600000, 1.000000
14, 7, 29, 64, 2, 1.#QNAN0, 0.000000, 1.#QNAN0, 1.#QNAN0, 0.000000, 1.#QNAN0, 0.328859, 0.000000, 0.671051, 1.000000, 0.600000, 1.000000
14, 10, 1, 64, 2, 1.#QNAN0, 0.000000, 1.#QNAN0, 1.#QNAN0, 0.000000, 1.#QNAN0, 0.328859, 0.000000, 0.670246, 0.000000, 0.400000, 1.000000
14, 10, 15, 64, 2, 1.#QNAN0, 0.000000, 1.#QNAN0, 1.#QNAN0, 0.000000, 1.#QNAN0, 0.328859, 0.000000, 0.662819, 1.000000, 0.600000, 1.000000
14, 10, 29, 64, 2, 1.#QNAN0, 0.000000, 1.#QNAN0, 1.#QNAN0, 0.000000, 1.#QNAN0, 0.328859, 0.000000, 0.689396, 0.000000, 0.400000, 1.000000
14, 13, 1, 64, 2, 1.#QNAN0, 0.000000, 1.#QNAN0, 1.#QNAN0, 0.000000, 1.#QNAN0, 0.328859, 0.000000, 0.670157, 1.000000, 0.600000, 1.000000
14, 13, 15, 64, 2, 1.#QNAN0, 0.000000, 1.#QNAN0, 1.#QNAN0, 0.000000, 1.#QNAN0, 0.328859, 0.000000, 0.677136, 1.000000, 0.600000, 1.000000
14, 13, 29, 64, 2, 1.#QNAN0, 0.000000, 1.#QNAN0, 1.#QNAN0, 0.000000, 1.#QNAN0, 0.328859, 0.000000, 0.669262, 0.000000, 0.400000, 1.000000
25, 1, 1, 64, 2, 1.#QNAN0, 0.000000, 1.#QNAN0, 1.#QNAN0, 0.000000, 1.#QNAN0, 0.328859, 0.000000, 0.656555, 1.000000, 0.600000, 1.000000
25, 1, 15, 64, 2, 1.#QNAN0, 0.000000, 1.#QNAN0, 1.#QNAN0, 0.000000, 1.#QNAN0, 0.328859, 0.000000, 0.658166, 0.000000, 0.400000, 1.000000
25, 1, 29, 64, 2, 1.#QNAN0, 0.000000, 1.#QNAN0, 1.#QNAN0, 0.000000, 1.#QNAN0, 0.328859, 0.000000, 0.656913, 1.000000, 0.600000, 1.000000
25, 7, 1, 64, 2, 1.#QNAN0, 0.000000, 1.#QNAN0, 1.#QNAN0, 0.000000, 1.#QNAN0, 0.328859, 0.000000, 0.700045, 1.000000, 0.600000, 1.000000
25, 7, 15, 64, 2, 1.#QNAN0, 0.000000, 1.#QNAN0, 1.#QNAN0, 0.000000, 1.#QNAN0, 0.328859, 0.000000, 0.664609, 0.000000, 0.400000, 1.000000
25, 7, 29, 64, 2, 1.#QNAN0, 0.000000, 1.#QNAN0, 1.#QNAN0, 0.000000, 1.#QNAN0, 0.328859, 0.000000, 0.662550, 1.000000, 0.600000, 1.000000
25, 13, 1, 64, 2, 1.#QNAN0, 0.000000, 1.#QNAN0, 1.#QNAN0, 0.000000, 1.#QNAN0, 0.328859, 0.000000, 0.699508, 0.000000, 0.400000, 1.000000
25, 13, 15, 64, 2, 1.#QNAN0, 0.000000, 1.#QNAN0, 1.#QNAN0, 0.000000, 1.#QNAN0, 0.328859, 0.000000, 0.699508, 0.000000, 0.600000, 1.000000
25, 13, 29, 64, 2, 1.#QNAN0, 0.000000, 1.#QNAN0, 1.#QNAN0, 0.000000, 1.#QNAN0, 0.328859, 0.000000, 0.696376, 1.000000, 0.600000, 1.000000
25, 19, 1, 64, 2, 1.#QNAN0, 0.000000, 1.#QNAN0, 1.#QNAN0, 0.000000, 1.#QNAN0, 0.328859, 0.000000, 0.695570, 0.000000, 0.400000, 1.000000
25, 19, 15, 64, 2, 1.#QNAN0, 0.000000, 1.#QNAN0, 1.#QNAN0, 0.000000, 1.#QNAN0, 0.328859, 0.000000, 0.695570, 1.000000, 0.600000, 1.000000
25, 19, 29, 64, 2, 1.#QNAN0, 0.000000, 1.#QNAN0, 1.#QNAN0, 0.000000, 1.#QNAN0, 0.328859, 0.000000, 0.674183, 1.000000, 0.600000, 1.000000
25, 25, 1, 64, 2, 1.#QNAN0, 0.000000, 1.#QNAN0, 1.#QNAN0, 0.000000, 1.#QNAN0, 0.328859, 0.000000, 0.671141, 0.000000, 0.400000, 1.000000
25, 25, 15, 64, 2, 1.#QNAN0, 0.000000, 1.#QNAN0, 1.#QNAN0, 0.000000, 1.#QNAN0, 0.328859, 0.000000, 0.671141, 1.000000, 0.600000, 1.000000
25, 25, 29, 64, 2, 1.#QNAN0, 0.000000, 1.#QNAN0, 1.#QNAN0, 0.000000, 1.#QNAN0, 0.328859, 0.000000, 0.659955, 0.000000, 0.400000, 1.000000
36, 1, 1, 64, 2, 1.#QNAN0, 0.000000, 1.#QNAN0, 1.#QNAN0, 0.000000, 1.#QNAN0, 0.328859, 0.000000, 0.685369, 0.000000, 0.600000, 1.000000
36, 1, 15, 64, 2, 1.#QNAN0, 0.000000, 1.#QNAN0, 1.#QNAN0, 0.000000, 1.#QNAN0, 0.328859, 0.000000, 0.685369, 1.000000, 0.600000, 1.000000
36, 1, 29, 64, 2, 1.#QNAN0, 0.000000, 1.#QNAN0, 1.#QNAN0, 0.000000, 1.#QNAN0, 0.328859, 0.000000, 0.698792, 0.000000, 0.400000, 1.000000
36, 9, 1, 64, 2, 1.#QNAN0, 0.000000, 1.#QNAN0, 1.#QNAN0, 0.000000, 1.#QNAN0, 0.328859, 0.000000, 0.663266, 1.000000, 0.600000, 1.000000
36, 9, 15, 64, 2, 1.#QNAN0, 0.000000, 1.#QNAN0, 1.#QNAN0, 0.000000, 1.#QNAN0, 0.328859, 0.000000, 0.694228, 0.000000, 0.400000, 1.000000
36, 9, 29, 64, 2, 1.#QNAN0, 0.000000, 1.#QNAN0, 1.#QNAN0, 0.000000, 1.#QNAN0, 0.328859, 0.000000, 0.668009, 0.000000, 0.400000, 1.000000
36, 17, 1, 64, 2, 1.#QNAN0, 0.000000, 1.#QNAN0, 1.#QNAN0, 0.000000, 1.#QNAN0, 0.328859, 0.000000, 0.660492, 1.000000, 0.600000, 1.000000
36, 17, 15, 64, 2, 1.#QNAN0, 0.000000, 1.#QNAN0, 1.#QNAN0, 0.000000, 1.#QNAN0, 0.328859, 0.000000, 0.702550, 0.000000, 0.400000, 1.000000
36, 17, 29, 64, 2, 1.#QNAN0, 0.000000, 1.#QNAN0, 1.#QNAN0, 0.000000, 1.#QNAN0, 0.328859, 0.000000, 0.702550, 1.000000, 0.600000, 1.000000
36, 25, 1, 64, 2, 1.#QNAN0, 0.000000, 1.#QNAN0, 1.#QNAN0, 0.000000, 1.#QNAN0, 0.328859, 0.000000, 0.668367, 1.000000, 0.600000, 1.000000
36, 25, 15, 64, 2, 1.#QNAN0, 0.000000, 1.#QNAN0, 1.#QNAN0, 0.000000, 1.#QNAN0, 0.328859, 0.000000, 0.661745, 0.000000, 0.400000, 1.000000
36, 25, 29, 64, 2, 1.#QNAN0, 0.000000, 1.#QNAN0, 1.#QNAN0, 0.000000, 1.#QNAN0, 0.328859, 0.000000, 0.693244, 1.000000, 0.600000, 1.000000
36, 33, 1, 64, 2, 1.#QNAN0, 0.000000, 1.#QNAN0, 1.#QNAN0, 0.000000, 1.#QNAN0, 0.328859, 0.000000, 0.682506, 0.000000, 0.400000, 1.000000
36, 33, 15, 64, 2, 1.#QNAN0, 0.000000, 1.#QNAN0, 1.#QNAN0, 0.000000, 1.#QNAN0, 0.328859, 0.000000, 0.688143, 0.000000, 0.600000, 1.000000
36, 33, 29, 64, 2, 1.#QNAN0, 0.000000, 1.#QNAN0, 1.#QNAN0, 0.000000, 1.#QNAN0, 0.328859, 0.000000, 0.695392, 1.000000, 0.600000, 1.000000
3, 1, 1, 64, 502, 1.#QNAN0, 0.000000, 1.#QNAN0, 0.000000, 0.000000, 0.000000, 0.333423, 0.000000, 0.669441, 18.000000, 18.000000, 18.000000
3, 1, 15, 64, 502, 1.#QNAN0, 0.000000, 1.#QNAN0, 0.000000, 0.000000, 0.000000, 0.328859, 0.000000, 0.368949, 17.000000, 17.799999, 18.000000
3, 1, 29, 64, 502, 1.#QNAN0, 0.000000, 1.#QNAN0, 0.000000, 0.000000, 0.000000, 0.328859, 0.000000, 0.658523, 17.000000, 17.799999, 18.000000
3, 2, 1, 64, 502, 1.#QNAN0, 0.000000, 1.#QNAN0, 0.000000, 0.000000, 0.000000, 0.338166, 0.000000, 0.358121, 18.000000, 18.000000, 18.000000
3, 2, 15, 64, 502, 1.#QNAN0, 0.000000, 1.#QNAN0, 1.#QNAN0, 0.000000, 1.#QNAN0, 0.333423, 0.000000, 0.669083, 17.000000, 17.799999, 18.000000
3, 2, 29, 64, 502, 1.#QNAN0, 0.000000, 1.#QNAN0, 0.000000, 0.000000, 0.000000, 0.328859, 0.000000, 0.670157, 18.000000, 18.000000, 18.000000
3, 3, 1, 64, 502, 1.#QNAN0, 0.000000, 1.#QNAN0, 0.000000, 0.000000, 0.000000, 0.333423, 0.000000, 0.648770, 18.000000, 18.000000, 18.000000
3, 3, 15, 64, 502, 1.#QNAN0, 0.000000, 1.#QNAN0, 1.#QNAN0, 0.000000, 1.#QNAN0, 0.328859, 0.000000, 0.654318, 17.000000, 17.799999, 18.000000
3, 3, 29, 64, 502, 1.#QNAN0, 0.000000, 1.#QNAN0, 0.000000, 0.000000, 0.000000, 0.328859, 0.000000, 0.607069, 17.000000, 18.200001, 19.000000
14, 1, 1, 64, 502, 1.#QNAN0, 0.000000, 1.#QNAN0, 1.#QNAN0, 0.000000, 1.#QNAN0, 0.328859, 0.000000, 0.374228, 17.000000, 17.600000, 18.000000
14, 1, 15, 64, 502, 1.#QNAN0, 0.000000, 1.#QNAN0, 0.000000, 0.000000, 0.000000, 0.328859, 0.000000, 0.658523, 17.000000, 17.799999, 18.000000
14, 1, 29, 64, 502, 1.#QNAN0, 0.000000, 1.#QNAN0, 1.#QNAN0, 0.000000, 1.#QNAN0, 0.328859, 0.000000, 0.358121, 17.000000, 17.799999, 18.000000
14, 4, 1, 64, 502, 1.#QNAN0, 0.000000, 1.#QNAN0, 1.#QNAN0, 0.000000, 1.#QNAN0, 0.328859, 0.000000, 0.665324, 17.000000, 17.799999, 18.000000
14, 4, 15, 64, 502, 1.#QNAN0, 0.000000, 1.#QNAN0, 1.#QNAN0, 0.000000, 1.#QNAN0, 0.333423, 0.000000, 0.363311, 17.000000, 17.799999, 18.000000
14, 4, 29, 64, 502, 1.#QNAN0, 0.000000, 1.#QNAN0, 0.000000, 0.000000, 0.000000, 0.333423, 0.000000, 0.374228, 17.000000, 17.799999, 18.000000
14, 7, 1, 64, 502, 1.#QNAN0, 0.000000, 1.#QNAN0, 0.000000, 0.000000, 0.000000, 0.328859, 0.000000, 0.379597, 18.000000, 18.000000, 18.000000
14, 7, 15, 64, 502, 1.#QNAN0, 0.000000, 1.#QNAN0, 1.#QNAN0, 0.000000, 1.#QNAN0, 0.328859, 0.000000, 0.648054, 18.000000, 18.000000, 18.000000
14, 7, 29, 64, 502, 1.#QNAN0, 0.000000, 1.#QNAN0, 1.#QNAN0, 0.000000, 1.#QNAN0, 0.328859, 0.000000, 0.652617, 18.000000, 18.000000, 18.000000
14, 10, 1, 64, 502, 1.#QNAN0, 0.000000, 1.#QNAN0, 1.#QNAN0, 0.000000, 1.#QNAN0, 0.328859, 0.000000, 0.379597, 18.000000, 18.000000, 18.000000
14, 10, 15, 64, 502, 1.#QNAN0, 0.000000, 1.#QNAN0, 0.000000, 0.000000, 0.000000, 0.342908, 0.000000, 0.358121, 17.000000, 17.799999, 18.000000
14, 10, 29, 64, 502, 1.#QNAN0, 0.000000, 1.#QNAN0, 1.#QNAN0, 0.000000, 1.#QNAN0, 0.328859, 0.000000, 0.374228, 18.000000, 18.000000, 18.000000
14, 13, 1, 64, 502, 1.#QNAN0, 0.000000, 1.#QNAN0, 0.000000, 0.000000, 0.000000, 0.328859, 0.000000, 0.628098, 17.000000, 17.799999, 19.000000
14, 13, 15, 64, 502, 1.#QNAN0, 0.000000, 1.#QNAN0, 0.000000, 0.000000, 0.000000, 0.333423, 0.000000, 0.379597, 18.000000, 18.000000, 18.000000
14, 13, 29, 64, 502, 1.#QNAN0, 0.000000, 1.#QNAN0, 1.#QNAN0, 0.000000, 1.#QNAN0, 0.328859, 0.000000, 0.363311, 18.000000, 18.000000, 18.000000
25, 1, 1, 64, 502, 1.#QNAN0, 0.000000, 1.#QNAN0, 1.#QNAN0, 0.000000, 1.#QNAN0, 0.328859, 0.000000, 0.653244, 17.000000, 17.799999, 18.000000
25, 1, 15, 64, 502, 1.#QNAN0, 0.000000, 1.#QNAN0, 0.000000, 0.000000, 0.000000, 0.328859, 0.000000, 0.666846, 18.000000, 18.000000, 18.000000
25, 1, 29, 64, 502, 1.#QNAN0, 0.000000, 1.#QNAN0, 1.#QNAN0, 0.000000, 1.#QNAN0, 0.328859, 0.000000, 0.658881, 18.000000, 18.000000, 18.000000
25, 7, 1, 64, 502, 1.#QNAN0, 0.000000, 1.#QNAN0, 0.000000, 0.000000, 0.000000, 0.328859, 0.000000, 0.633647, 18.000000, 18.000000, 18.000000
25, 7, 15, 64, 502, 1.#QNAN0, 0.000000, 1.#QNAN0, 0.000000, 0.000000, 0.000000, 0.328859, 0.000000, 0.654049, 17.000000, 17.799999, 18.000000
25, 7, 29, 64, 502, 1.#QNAN0, 0.000000, 1.#QNAN0, 1.#QNAN0, 0.000000, 1.#QNAN0, 0.342908, 0.000000, 0.667919, 17.000000, 17.799999, 18.000000
25, 13, 1, 64, 502, 1.#QNAN0, 0.000000, 1.#QNAN0, 1.#QNAN0, 0.000000, 1.#QNAN0, 0.328859, 0.000000, 0.659866, 17.000000, 17.799999, 18.000000
25, 13, 15, 64, 502, 1.#QNAN0, 0.000000, 1.#QNAN0, 1.#QNAN0, 0.000000, 1.#QNAN0, 0.328859, 0.000000, 0.652170, 18.000000, 18.000000, 18.000000
25, 13, 29, 64, 502, 1.#QNAN0, 0.000000, 1.#QNAN0, 0.000000, 0.000000, 0.000000, 0.333423, 0.000000, 0.644653, 17.000000, 17.600000, 18.000000
25, 19, 1, 64, 502, 1.#QNAN0, 0.000000, 1.#QNAN0, 0.000000, 0.000000, 0.000000, 0.338166, 0.000000, 0.358121, 17.000000, 17.799999, 18.000000
25, 19, 15, 64, 502, 1.#QNAN0, 0.000000, 1.#QNAN0, 1.#QNAN0, 0.000000, 1.#QNAN0, 0.328859, 0.000000, 0.374228, 17.000000, 17.799999, 18.000000
25, 19, 29, 64, 502, 1.#QNAN0, 0.000000, 1.#QNAN0, 0.000000, 0.000000, 0.000000, 0.338166, 0.000000, 0.658434, 17.000000, 17.799999, 18.000000
25, 25, 1, 64, 502, 1.#QNAN0, 0.000000, 1.#QNAN0, 1.#QNAN0, 0.000000, 1.#QNAN0, 0.333423, 0.000000, 0.652349, 17.000000, 17.799999, 18.000000
25, 25, 15, 64, 502, 1.#QNAN0, 0.000000, 1.#QNAN0, 0.000000, 0.000000, 0.000000, 0.333423, 0.000000, 0.358121, 17.000000, 17.799999, 18.000000
25, 25, 29, 64, 502, 1.#QNAN0, 0.000000, 1.#QNAN0, 1.#QNAN0, 0.000000, 1.#QNAN0, 0.328859, 0.000000, 0.643848, 17.000000, 17.799999, 18.000000
36, 1, 1, 64, 502, 1.#QNAN0, 0.000000, 1.#QNAN0, 0.000000, 0.000000, 0.000000, 0.333423, 0.000000, 0.663535, 17.000000, 17.799999, 18.000000
36, 1, 15, 64, 502, 1.#QNAN0, 0.000000, 1.#QNAN0, 0.000000, 0.000000, 0.000000, 0.328859, 0.000000, 0.661745, 17.000000, 17.799999, 18.000000
36, 1, 29, 64, 502, 1.#QNAN0, 0.000000, 1.#QNAN0, 1.#QNAN0, 0.000000, 1.#QNAN0, 0.328859, 0.000000, 0.619687, 17.000000, 17.799999, 18.000000
36, 9, 1, 64, 502, 1.#QNAN0, 0.000000, 1.#QNAN0, 1.#QNAN0, 0.000000, 1.#QNAN0, 0.333423, 0.000000, 0.374228, 17.000000, 17.799999, 18.000000
36, 9, 15, 64, 502, 1.#QNAN0, 0.000000, 1.#QNAN0, 0.000000, 0.000000, 0.000000, 0.328859, 0.000000, 0.669083, 17.000000, 17.799999, 18.000000
36, 9, 29, 64, 502, 1.#QNAN0, 0.000000, 1.#QNAN0, 1.#QNAN0, 0.000000, 1.#QNAN0, 0.328859, 0.000000, 0.363311, 17.000000, 17.799999, 18.000000
36, 17, 1, 64, 502, 1.#QNAN0, 0.000000, 1.#QNAN0, 0.000000, 0.000000, 0.000000, 0.328859, 0.000000, 0.650917, 17.000000, 17.799999, 18.000000
36, 17, 15, 64, 502, 1.#QNAN0, 0.000000, 1.#QNAN0, 0.000000, 0.000000, 0.000000, 0.333423, 0.000000, 0.664609, 17.000000, 17.799999, 18.000000
36, 17, 29, 64, 502, 1.#QNAN0, 0.000000, 1.#QNAN0, 1.#QNAN0, 0.000000, 1.#QNAN0, 0.338166, 0.000000, 0.660045, 17.000000, 17.600000, 18.000000
36, 25, 1, 64, 502, 1.#QNAN0, 0.000000, 1.#QNAN0, 1.#QNAN0, 0.000000, 1.#QNAN0, 0.333423, 0.000000, 0.648501, 17.000000, 17.799999, 18.000000
36, 25, 15, 64, 502, 1.#QNAN0, 0.000000, 1.#QNAN0, 0.000000, 0.000000, 0.000000, 0.333423, 0.000000, 0.374228, 17.000000, 17.799999, 18.000000
36, 25, 29, 64, 502, 1.#QNAN0, 0.000000, 1.#QNAN0, 0.000000, 0.000000, 0.000000, 0.333423, 0.000000, 0.379418, 17.000000, 17.799999, 18.000000
36, 33, 1, 64, 502, 1.#QNAN0, 0.000000, 1.#QNAN0, 1.#QNAN0, 0.000000, 1.#QNAN0, 0.328859, 0.000000, 0.368949, 17.000000, 17.799999, 18.000000
36, 33, 15, 64, 502, 1.#QNAN0, 0.000000, 1.#QNAN0, 0.000000, 0.000000, 0.000000, 0.338166, 0.000000, 0.374228, 17.000000, 17.799999, 18.000000
36, 33, 29, 64, 502, 1.#QNAN0, 0.000000, 1.#QNAN0, 0.000000, 0.000000, 0.000000, 0.328859, 0.000000, 0.374228, 17.000000, 17.799999, 18.000000
3, 1, 1, 64, 1002, 1.#QNAN0, 0.000000, 1.#QNAN0, 1.#QNAN0, 0.000000, 1.#QNAN0, 0.333423, 0.000000, 0.666667, 35.000000, 35.200001, 36.000000
3, 1, 15, 64, 1002, 1.#QNAN0, 0.000000, 1.#QNAN0, 0.000000, 0.000000, 0.000000, 0.328859, 0.000000, 0.671051, 34.000000, 35.000000, 36.000000
3, 1, 29, 64, 1002, 1.#QNAN0, 0.000000, 1.#QNAN0, 1.#QNAN0, 0.000000, 1.#QNAN0, 0.328859, 0.000000, 0.379597, 34.000000, 35.200001, 36.000000
3, 2, 1, 64, 1002, 1.#QNAN0, 0.000000, 1.#QNAN0, 1.#QNAN0, 0.000000, 1.#QNAN0, 0.328859, 0.000000, 0.653333, 35.000000, 35.000000, 35.000000
3, 2, 15, 64, 1002, 1.#QNAN0, 0.000000, 1.#QNAN0, 0.000000, 0.000000, 0.000000, 0.328859, 0.000000, 0.664072, 35.000000, 35.000000, 35.000000
3, 2, 29, 64, 1002, 1.#QNAN0, 0.000000, 1.#QNAN0, 0.000000, 0.000000, 0.000000, 0.328859, 0.000000, 0.655302, 35.000000, 35.000000, 35.000000
3, 3, 1, 64, 1002, 1.#QNAN0, 0.000000, 1.#QNAN0, 0.000000, 0.000000, 0.000000, 0.328859, 0.000000, 0.673915, 35.000000, 35.200001, 36.000000
3, 3, 15, 64, 1002, 1.#QNAN0, 0.000000, 1.#QNAN0, 1.#QNAN0, 0.000000, 1.#QNAN0, 0.328859, 0.000000, 0.666309, 35.000000, 35.200001, 36.000000
3, 3, 29, 64, 1002, 1.#QNAN0, 0.000000, 1.#QNAN0, 0.000000, 0.000000, 0.000000, 0.328859, 0.000000, 0.353110, 35.000000, 35.200001, 36.000000
14, 1, 1, 64, 1002, 1.#QNAN0, 0.000000, 1.#QNAN0, 0.000000, 0.000000, 0.000000, 0.333423, 0.000000, 0.379597, 35.000000, 35.200001, 36.000000
14, 1, 15, 64, 1002, 1.#QNAN0, 0.000000, 1.#QNAN0, 0.000000, 0.000000, 0.000000, 0.328859, 0.000000, 0.379597, 35.000000, 35.000000, 35.000000
14, 1, 29, 64, 1002, 1.#QNAN0, 0.000000, 1.#QNAN0, 1.#QNAN0, 0.000000, 1.#QNAN0, 0.338166, 0.000000, 0.669351, 35.000000, 35.000000, 35.000000
14, 4, 1, 64, 1002, 1.#QNAN0, 0.000000, 1.#QNAN0, 0.000000, 0.000000, 0.000000, 0.338166, 0.000000, 0.654049, 35.000000, 35.000000, 35.000000
14, 4, 15, 64, 1002, 1.#QNAN0, 0.000000, 1.#QNAN0, 0.000000, 0.000000, 0.000000, 0.328859, 0.000000, 0.379597, 35.000000, 35.000000, 35.000000
14, 4, 29, 64, 1002, 1.#QNAN0, 0.000000, 1.#QNAN0, 1.#QNAN0, 0.000000, 1.#QNAN0, 0.333423, 0.000000, 0.358121, 34.000000, 35.000000, 36.000000
14, 7, 1, 64, 1002, 1.#QNAN0, 0.000000, 1.#QNAN0, 0.000000, 0.000000, 0.000000, 0.333423, 0.000000, 0.379597, 35.000000, 35.200001, 36.000000
14, 7, 15, 64, 1002, 1.#QNAN0, 0.000000, 1.#QNAN0, 1.#QNAN0, 0.000000, 1.#QNAN0, 0.328859, 0.000000, 0.379597, 35.000000, 35.000000, 35.000000
14, 7, 29, 64, 1002, 1.#QNAN0, 0.000000, 1.#QNAN0, 1.#QNAN0, 0.000000, 1.#QNAN0, 0.328859, 0.000000, 0.665772, 35.000000, 35.200001, 36.000000
14, 10, 1, 64, 1002, 1.#QNAN0, 0.000000, 1.#QNAN0, 0.000000, 0.000000, 0.000000, 0.333423, 0.000000, 0.368949, 35.000000, 35.400002, 36.000000
14, 10, 15, 64, 1002, 1.#QNAN0, 0.000000, 1.#QNAN0, 0.000000, 0.000000, 0.000000, 0.328859, 0.000000, 0.666130, 35.000000, 35.200001, 36.000000
14, 10, 29, 64, 1002, 1.#QNAN0, 0.000000, 1.#QNAN0, 1.#QNAN0, 0.000000, 1.#QNAN0, 0.328859, 0.000000, 0.645727, 35.000000, 35.400002, 36.000000
14, 13, 1, 64, 1002, 1.#QNAN0, 0.000000, 1.#QNAN0, 0.000000, 0.000000, 0.000000, 0.328859, 0.000000, 0.358121, 35.000000, 35.400002, 36.000000
14, 13, 15, 64, 1002, 1.#QNAN0, 0.000000, 1.#QNAN0, 0.000000, 0.000000, 0.000000, 0.328859, 0.000000, 0.374228, 35.000000, 35.400002, 36.000000
14, 13, 29, 64, 1002, 1.#QNAN0, 0.000000, 1.#QNAN0, 0.000000, 0.000000, 0.000000, 0.328859, 0.000000, 0.363311, 35.000000, 35.200001, 36.000000
25, 1, 1, 64, 1002, 1.#QNAN0, 0.000000, 1.#QNAN0, 1.#QNAN0, 0.000000, 1.#QNAN0, 0.342908, 0.000000, 0.666667, 35.000000, 35.400002, 36.000000
25, 1, 15, 64, 1002, 1.#QNAN0, 0.000000, 1.#QNAN0, 1.#QNAN0, 0.000000, 1.#QNAN0, 0.328859, 0.000000, 0.363311, 35.000000, 35.200001, 36.000000
25, 1, 29, 64, 1002, 1.#QNAN0, 0.000000, 1.#QNAN0, 0.000000, 0.000000, 0.000000, 0.333423, 0.000000, 0.664966, 35.000000, 35.400002, 36.000000
25, 7, 1, 64, 1002, 1.#QNAN0, 0.000000, 1.#QNAN0, 0.000000, 0.000000, 0.000000, 0.342908, 0.000000, 0.363311, 35.000000, 35.400002, 36.000000
25, 7, 15, 64, 1002, 1.#QNAN0, 0.000000, 1.#QNAN0, 1.#QNAN0, 0.000000, 1.#QNAN0, 0.328859, 0.000000, 0.374228, 35.000000, 35.200001, 36.000000
25, 7, 29, 64, 1002, 1.#QNAN0, 0.000000, 1.#QNAN0, 1.#QNAN0, 0.000000, 1.#QNAN0, 0.328859, 0.000000, 0.659687, 35.000000, 35.200001, 36.000000
25, 13, 1, 64, 1002, 1.#QNAN0, 0.000000, 1.#QNAN0, 0.000000, 0.000000, 0.000000, 0.333423, 0.000000, 0.374228, 35.000000, 35.400002, 36.000000
25, 13, 15, 64, 1002, 1.#QNAN0, 0.000000, 1.#QNAN0, 1.#QNAN0, 0.000000, 1.#QNAN0, 0.333423, 0.000000, 0.664519, 35.000000, 35.400002, 36.000000
25, 13, 29, 64, 1002, 1.#QNAN0, 0.000000, 1.#QNAN0, 0.000000, 0.000000, 0.000000, 0.333423, 0.000000, 0.673378, 35.000000, 35.400002, 36.000000
25, 19, 1, 64, 1002, 1.#QNAN0, 0.000000, 1.#QNAN0, 1.#QNAN0, 0.000000, 1.#QNAN0, 0.328859, 0.000000, 0.656913, 35.000000, 35.400002, 36.000000
25, 19, 15, 64, 1002, 1.#QNAN0, 0.000000, 1.#QNAN0, 1.#QNAN0, 0.000000, 1.#QNAN0, 0.328859, 0.000000, 0.640895, 35.000000, 35.200001, 36.000000
25, 19, 29, 64, 1002, 1.#QNAN0, 0.000000, 1.#QNAN0, 0.000000, 0.000000, 0.000000, 0.333423, 0.000000, 0.358121, 34.000000, 35.000000, 36.000000
25, 25, 1, 64, 1002, 1.#QNAN0, 0.000000, 1.#QNAN0, 0.000000, 0.000000, 0.000000, 0.328859, 0.000000, 0.668009, 35.000000, 35.200001, 36.000000
25, 25, 15, 64, 1002, 1.#QNAN0, 0.000000, 1.#QNAN0, 0.000000, 0.000000, 0.000000, 0.328859, 0.000000, 0.374228, 35.000000, 35.200001, 36.000000
25, 25, 29, 64, 1002, 1.#QNAN0, 0.000000, 1.#QNAN0, 1.#QNAN0, 0.000000, 1.#QNAN0, 0.328859, 0.000000, 0.379597, 35.000000, 35.200001, 36.000000
36, 1, 1, 64, 1002, 1.#QNAN0, 0.000000, 1.#QNAN0, 1.#QNAN0, 0.000000, 1.#QNAN0, 0.338166, 0.000000, 0.644295, 35.000000, 35.200001, 36.000000
36, 1, 15, 64, 1002, 1.#QNAN0, 0.000000, 1.#QNAN0, 0.000000, 0.000000, 0.000000, 0.333423, 0.000000, 0.647069, 35.000000, 35.000000, 35.000000
36, 1, 29, 64, 1002, 1.#QNAN0, 0.000000, 1.#QNAN0, 1.#QNAN0, 0.000000, 1.#QNAN0, 0.328859, 0.000000, 0.649038, 35.000000, 35.200001, 36.000000
36, 9, 1, 64, 1002, 1.#QNAN0, 0.000000, 1.#QNAN0, 1.#QNAN0, 0.000000, 1.#QNAN0, 0.333423, 0.000000, 0.374228, 35.000000, 35.000000, 35.000000
36, 9, 15, 64, 1002, 1.#QNAN0, 0.000000, 1.#QNAN0, 1.#QNAN0, 0.000000, 1.#QNAN0, 0.328859, 0.000000, 0.668993, 34.000000, 35.000000, 36.000000
36, 9, 29, 64, 1002, 1.#QNAN0, 0.000000, 1.#QNAN0, 0.000000, 0.000000, 0.000000, 0.328859, 0.000000, 0.374228, 35.000000, 35.200001, 36.000000
36, 17, 1, 64, 1002, 1.#QNAN0, 0.000000, 1.#QNAN0, 0.000000, 0.000000, 0.000000, 0.328859, 0.000000, 0.374228, 35.000000, 35.000000, 35.000000
36, 17, 15, 64, 1002, 1.#QNAN0, 0.000000, 1.#QNAN0, 1.#QNAN0, 0.000000, 1.#QNAN0, 0.328859, 0.000000, 0.667472, 35.000000, 35.400002, 36.000000
36, 17, 29, 64, 1002, 1.#QNAN0, 0.000000, 1.#QNAN0, 1.#QNAN0, 0.000000, 1.#QNAN0, 0.333423, 0.000000, 0.668814, 35.000000, 35.400002, 36.000000
36, 25, 1, 64, 1002, 1.#QNAN0, 0.000000, 1.#QNAN0, 0.000000, 0.000000, 0.000000, 0.328859, 0.000000, 0.677136, 35.000000, 35.200001, 36.000000
36, 25, 15, 64, 1002, 1.#QNAN0, 0.000000, 1.#QNAN0, 0.000000, 0.000000, 0.000000, 0.333423, 0.000000, 0.379597, 35.000000, 35.400002, 36.000000
36, 25, 29, 64, 1002, 1.#QNAN0, 0.000000, 1.#QNAN0, 1.#QNAN0, 0.000000, 1.#QNAN0, 0.328859, 0.000000, 0.667651, 35.000000, 35.200001, 36.000000
36, 33, 1, 64, 1002, 1.#QNAN0, 0.000000, 1.#QNAN0, 1.#QNAN0, 0.000000, 1.#QNAN0, 0.333423, 0.000000, 0.663177, 35.000000, 35.400002, 36.000000
36, 33, 15, 64, 1002, 1.#QNAN0, 0.000000, 1.#QNAN0, 0.000000, 0.000000, 0.000000, 0.333423, 0.000000, 0.668098, 35.000000, 35.799999, 38.000000
