3, 1, 1, 4, 2, 34.446766, 177.441788, 429.191162, 0.001530, 0.019743, 0.050033, 0.615200, 0.677124, 0.730590, 0.000000, 0.000000, 0.000000
3, 1, 15, 4, 2, 34.446766, 177.441788, 429.191162, 0.001530, 0.019743, 0.050033, 0.615200, 0.677124, 0.730590, 0.000000, 0.000000, 0.000000
3, 1, 29, 4, 2, 34.446766, 177.441788, 429.191162, 0.001530, 0.019743, 0.050033, 0.615200, 0.677124, 0.730590, 0.000000, 0.000000, 0.000000
3, 2, 1, 4, 2, 34.446766, 177.441788, 429.191162, 0.001530, 0.019743, 0.050033, 0.615200, 0.677124, 0.730590, 0.000000, 0.000000, 0.000000
3, 2, 15, 4, 2, 34.446766, 177.441788, 429.191162, 0.001530, 0.019743, 0.050033, 0.615200, 0.677124, 0.730590, 0.000000, 0.000000, 0.000000
3, 2, 29, 4, 2, 34.446766, 177.441788, 429.191162, 0.001530, 0.019743, 0.050033, 0.615200, 0.677124, 0.730590, 0.000000, 0.000000, 0.000000
3, 3, 1, 4, 2, 15.605324, 42.925335, 61.010216, 0.014814, 0.014814, 0.014814, 0.341687, 0.543271, 0.671254, 0.000000, 0.000000, 0.000000
3, 3, 15, 4, 2, 15.605324, 42.925335, 61.010216, 0.014814, 0.014814, 0.014814, 0.341687, 0.543271, 0.671254, 0.000000, 0.000000, 0.000000
3, 3, 29, 4, 2, 15.605324, 71.445557, 175.037354, 0.074530, 0.074530, 0.074530, 0.341687, 0.454756, 0.570698, 0.000000, 0.000000, 0.000000
16, 1, 1, 4, 2, 25.922596, 40.141109, 62.900341, 0.001960, 0.004507, 0.011624, 0.679460, 0.683073, 0.686782, 0.000000, 0.000000, 0.000000
16, 1, 15, 4, 2, 22.624430, 24.942785, 26.311003, 0.003135, 0.007479, 0.011624, 0.671127, 0.675073, 0.679460, 0.000000, 0.000000, 0.000000
16, 1, 29, 4, 2, 18.648451, 31.645596, 56.556522, 0.001960, 0.003618, 0.006357, 0.671127, 0.677361, 0.684068, 0.000000, 0.000000, 0.000000
16, 4, 1, 4, 2, 8.459775, 17.350611, 23.327116, 0.011624, 0.050445, 0.105487, 0.634579, 0.646557, 0.659071, 0.000000, 0.000000, 0.000000
16, 4, 15, 4, 2, 15.900869, 27.244732, 44.986801, 0.002664, 0.014414, 0.030609, 0.659071, 0.667940, 0.684888, 0.000000, 0.000000, 0.000000
16, 4, 29, 4, 2, 15.900869, 27.244732, 44.986801, 0.002664, 0.014414, 0.030609, 0.659071, 0.667940, 0.684888, 0.000000, 0.000000, 0.000000
16, 7, 1, 4, 2, 17.925247, 31.342884, 53.489109, 0.007817, 0.025669, 0.072699, 0.613874, 0.652822, 0.683626, 0.000000, 0.000000, 0.000000
16, 7, 15, 4, 2, 17.925247, 31.342884, 53.489109, 0.007817, 0.025669, 0.072699, 0.613874, 0.652822, 0.683626, 0.000000, 0.000000, 0.000000
16, 7, 29, 4, 2, 17.925247, 31.342884, 53.489109, 0.007817, 0.025669, 0.072699, 0.613874, 0.652822, 0.683626, 0.000000, 0.000000, 0.000000
16, 10, 1, 4, 2, 5.330278, 9.514482, 18.158091, 0.130300, 0.138562, 0.146824, 0.481000, 0.551114, 0.607752, 0.000000, 0.000000, 0.000000
16, 10, 15, 4, 2, 9.169197, 14.346048, 17.784540, 0.146824, 0.248473, 0.350121, 0.525186, 0.564481, 0.581618, 0.000000, 0.000000, 0.000000
16, 10, 29, 4, 2, 5.400361, 17.933977, 27.916138, 0.000000, 0.000000, 0.000000, 0.540020, 0.558373, 0.575432, 0.000000, 0.000000, 0.000000
16, 13, 1, 4, 2, 12.941792, 28.800098, 52.782990, 0.002058, 0.005850, 0.011624, 0.679460, 0.683405, 0.689370, 0.000000, 0.000000, 0.000000
16, 13, 15, 4, 2, 12.941792, 21.883198, 27.281988, 0.003837, 0.020326, 0.044193, 0.647582, 0.666866, 0.689370, 0.000000, 0.000000, 0.000000
16, 13, 29, 4, 2, 7.119389, 11.189081, 13.266352, 0.003837, 0.020521, 0.037206, 0.513067, 0.593833, 0.689370, 0.000000, 0.000000, 0.000000
16, 16, 1, 4, 2, 8.619330, 14.520320, 22.780979, 0.011624, 0.243027, 0.560632, 0.517990, 0.590314, 0.659071, 0.000000, 0.000000, 0.000000
16, 16, 15, 4, 2, 15.900869, 27.244732, 44.986801, 0.002664, 0.014414, 0.030609, 0.659071, 0.667940, 0.684888, 0.000000, 0.000000, 0.000000
16, 16, 29, 4, 2, 15.900869, 27.244732, 44.986801, 0.002664, 0.014414, 0.030609, 0.659071, 0.667940, 0.684888, 0.000000, 0.000000, 0.000000
29, 1, 1, 4, 2, 8.414950, 10.129025, 12.159361, 0.004368, 0.010291, 0.019199, 0.669549, 0.674394, 0.679712, 0.000000, 0.000000, 0.000000
29, 1, 15, 4, 2, 8.414950, 15.880458, 24.581959, 0.003163, 0.006972, 0.019199, 0.668413, 0.675858, 0.682868, 0.000000, 0.000000, 0.000000
29, 1, 29, 4, 2, 8.414950, 15.880458, 24.581959, 0.003163, 0.006972, 0.019199, 0.668413, 0.675858, 0.682868, 0.000000, 0.000000, 0.000000
29, 8, 1, 4, 2, 10.744738, 15.824167, 27.708948, 0.010800, 0.019209, 0.029076, 0.629150, 0.643905, 0.651622, 0.000000, 0.000000, 0.000000
29, 8, 15, 4, 2, 10.744738, 15.824167, 27.708948, 0.010800, 0.019209, 0.029076, 0.629150, 0.643905, 0.651622, 0.000000, 0.000000, 0.000000
29, 8, 29, 4, 2, 10.744738, 15.824167, 27.708948, 0.010800, 0.019209, 0.029076, 0.629150, 0.643905, 0.651622, 0.000000, 0.000000, 0.000000
29, 15, 1, 4, 2, 4.270070, 10.353642, 22.365065, 0.000000, 0.000000, 0.000000, 0.551446, 0.581240, 0.611665, 0.000000, 0.000000, 0.000000
29, 15, 15, 4, 2, 4.270070, 10.353642, 22.365065, 0.000000, 0.000000, 0.000000, 0.551446, 0.581240, 0.611665, 0.000000, 0.000000, 0.000000
29, 15, 29, 4, 2, 4.270070, 7.476013, 11.268572, 0.146736, 0.285820, 0.424905, 0.591339, 0.621449, 0.660396, 0.000000, 0.000000, 0.000000
29, 22, 1, 4, 2, 7.054171, 17.741741, 33.245895, 0.005735, 0.006697, 0.007658, 0.559778, 0.623895, 0.670307, 0.000000, 0.000000, 0.000000
29, 22, 15, 4, 2, 2.734206, 13.098956, 34.736080, 0.005735, 0.007500, 0.009264, 0.532635, 0.569713, 0.670307, 0.000000, 0.200000, 1.000000
29, 22, 29, 4, 2, 4.409756, 8.553843, 14.232662, 0.057912, 0.100007, 0.142102, 0.571898, 0.613448, 0.673021, 0.000000, 0.000000, 0.000000
29, 29, 1, 4, 2, 6.637874, 9.251032, 12.531073, 0.050015, 0.050015, 0.050015, 0.568299, 0.599230, 0.627130, 0.000000, 0.000000, 0.000000
29, 29, 15, 4, 2, 1.993975, 9.192904, 14.232662, 0.050015, 0.050015, 0.050015, 0.528974, 0.581729, 0.627130, 0.000000, 0.000000, 0.000000
29, 29, 29, 4, 2, 6.511066, 8.823601, 12.062234, 0.000000, 0.000000, 0.000000, 0.569246, 0.609566, 0.677692, 0.000000, 0.000000, 0.000000
42, 1, 1, 4, 2, 6.665248, 8.241036, 10.952054, 0.002095, 0.007311, 0.019777, 0.670749, 0.675877, 0.680785, 0.000000, 0.000000, 0.000000
42, 1, 15, 4, 2, 6.665248, 8.329974, 9.393023, 0.013725, 0.016809, 0.019777, 0.671191, 0.673447, 0.676051, 0.000000, 0.000000, 0.000000
42, 1, 29, 4, 2, 6.665248, 8.241036, 10.952054, 0.002095, 0.007311, 0.019777, 0.670749, 0.675877, 0.680785, 0.000000, 0.000000, 0.000000
42, 11, 1, 4, 2, 5.295404, 7.717559, 11.017455, 0.007417, 0.045022, 0.077940, 0.636851, 0.648861, 0.676808, 0.000000, 0.000000, 0.000000
42, 11, 15, 4, 2, 5.295404, 7.717559, 11.017455, 0.007417, 0.045022, 0.077940, 0.636851, 0.648861, 0.676808, 0.000000, 0.000000, 0.000000
42, 11, 29, 4, 2, 5.295404, 7.717559, 11.017455, 0.007417, 0.045022, 0.077940, 0.636851, 0.648861, 0.676808, 0.000000, 0.000000, 0.000000
42, 21, 1, 4, 2, 7.714423, 10.956182, 15.494662, 0.004755, 0.049883, 0.102633, 0.625237, 0.645247, 0.670370, 0.000000, 0.000000, 0.000000
42, 21, 15, 4, 2, 7.714423, 10.956182, 15.494662, 0.004755, 0.049883, 0.102633, 0.625237, 0.645247, 0.670370, 0.000000, 0.000000, 0.000000
42, 21, 29, 4, 2, 7.714423, 10.956182, 15.494662, 0.004755, 0.049883, 0.102633, 0.625237, 0.645247, 0.670370, 0.000000, 0.000000, 0.000000
42, 31, 1, 4, 2, 1.837980, 5.989633, 10.563505, 0.006228, 0.047339, 0.088154, 0.510542, 0.585453, 0.676935, 0.000000, 0.000000, 0.000000
42, 31, 15, 4, 2, 4.444468, 6.815306, 9.754159, 0.006228, 0.006228, 0.006228, 0.510542, 0.579835, 0.670370, 0.000000, 0.000000, 0.000000
42, 31, 29, 4, 2, 1.837980, 5.989633, 10.563505, 0.006228, 0.047339, 0.088154, 0.510542, 0.585453, 0.676935, 0.000000, 0.000000, 0.000000
42, 41, 1, 4, 2, 1.289993, 4.984729, 8.783324, 0.000000, 0.000000, 0.000000, 0.532635, 0.560377, 0.589067, 0.000000, 0.000000, 0.000000
42, 41, 15, 4, 2, 2.015140, 4.744386, 7.385126, 0.000000, 0.000000, 0.000000, 0.547153, 0.571708, 0.603585, 0.000000, 0.000000, 0.000000
42, 41, 29, 4, 2, 1.289993, 4.984729, 8.783324, 0.000000, 0.000000, 0.000000, 0.532635, 0.560377, 0.589067, 0.000000, 0.000000, 0.000000
3, 1, 1, 4, 502, 46.368984, 98.843254, 151.317520, 0.005614, 0.016038, 0.026463, 0.719354, 0.726076, 0.732799, 0.000000, 0.000000, 0.000000
3, 1, 15, 4, 502, 46.368984, 59.416088, 86.237373, 0.010549, 0.020546, 0.026463, 0.726865, 0.731770, 0.732799, 0.000000, 0.000000, 0.000000
3, 1, 29, 4, 502, 46.368984, 89.865059, 133.361145, 0.006500, 0.016481, 0.026463, 0.706098, 0.719448, 0.732799, 0.000000, 0.000000, 0.000000
3, 2, 1, 4, 502, 37.788815, 112.269386, 355.042084, 0.005374, 0.011403, 0.013307, 0.398561, 0.583594, 0.701995, 1.000000, 0.200000, 1.000000
3, 2, 15, 4, 502, 31.844460, 54.184948, 85.250076, 0.015339, 0.016564, 0.017789, 0.341687, 0.617015, 0.733430, 0.000000, 0.000000, 0.000000
3, 2, 29, 4, 502, 31.844460, 49.703220, 85.250076, 0.015339, 0.018410, 0.037495, 0.341687, 0.633515, 0.733430, 0.000000, 0.000000, 0.000000
3, 3, 1, 4, 502, 31.844460, 49.703220, 85.250076, 0.015339, 0.018410, 0.037495, 0.341687, 0.633515, 0.733430, 0.000000, 0.000000, 0.000000
3, 3, 15, 4, 502, 26.118280, 84.116516, 175.333069, 0.004020, 0.010872, 0.017789, 0.341687, 0.622014, 0.733430, 0.000000, 0.200000, 1.000000
3, 3, 29, 4, 502, 77.337311, 106.723206, 141.847351, 0.003004, 0.006686, 0.009033, 0.584333, 0.699833, 0.738669, 0.000000, 0.000000, 0.000000
16, 1, 1, 4, 502, 14.478953, 38.952148, 208.021484, 0.000756, 0.012383, 0.029079, 0.678702, 0.692681, 0.737533, 0.000000, 0.200000, 1.000000
16, 1, 15, 4, 502, 19.522108, 37.505295, 77.536232, 0.000727, 0.005676, 0.014723, 0.673147, 0.691093, 0.714619, 0.000000, 0.400000, 1.000000
16, 1, 29, 4, 502, 13.269311, 19.182472, 24.464073, 0.001823, 0.009659, 0.018122, 0.673147, 0.682174, 0.687476, 1.000000, 0.400000, 1.000000
16, 4, 1, 4, 502, 13.553126, 37.052143, 69.418404, 0.008601, 0.027538, 0.076750, 0.625868, 0.689051, 0.718849, 0.000000, 0.200000, 1.000000
16, 4, 15, 4, 502, 14.700784, 33.642178, 71.741501, 0.005134, 0.032281, 0.119191, 0.625868, 0.650779, 0.681101, 0.000000, 0.200000, 1.000000
16, 4, 29, 4, 502, 12.648832, 36.803474, 80.548332, 0.001121, 0.033670, 0.132416, 0.638998, 0.681211, 0.704015, 0.000000, 0.400000, 1.000000
16, 7, 1, 4, 502, 11.942569, 35.198555, 82.725731, 0.002431, 0.012134, 0.047651, 0.576190, 0.662164, 0.697324, 0.000000, 0.200000, 1.000000
16, 7, 15, 4, 502, 6.323797, 33.400352, 61.510330, 0.030614, 0.053595, 0.118278, 0.547216, 0.624467, 0.665636, 1.000000, 0.400000, 1.000000
16, 7, 29, 4, 502, 15.387744, 58.104362, 128.850159, 0.006857, 0.012552, 0.033893, 0.551382, 0.623760, 0.679523, 0.000000, 0.200000, 1.000000
16, 10, 1, 4, 502, 6.126109, 50.321507, 166.393478, 0.005572, 0.030480, 0.075097, 0.561356, 0.599378, 0.648024, 0.000000, 0.200000, 1.000000
16, 10, 15, 4, 502, 1.890905, 9.799199, 109.849281, 0.006613, 0.025893, 0.045172, 0.522535, 0.549435, 0.673715, 0.000000, 0.200000, 1.000000
16, 10, 29, 4, 502, 1.890905, 39.860134, 136.943558, 0.002801, 0.017667, 0.031329, 0.522535, 0.635538, 0.692905, 0.000000, 0.400000, 1.000000
16, 13, 1, 4, 502, 11.900558, 30.546305, 58.021065, 0.042005, 0.042005, 0.042005, 0.500694, 0.629384, 0.684825, 0.000000, 0.200000, 1.000000
16, 13, 15, 4, 502, 12.541443, 27.665482, 55.895126, 0.000000, 0.000000, 0.000000, 0.500694, 0.559958, 0.650486, 0.000000, 0.200000, 1.000000
16, 13, 29, 4, 502, 13.472318, 42.405231, 93.824844, 0.000546, 0.059045, 0.208546, 0.570383, 0.662053, 0.734124, 1.000000, 0.400000, 1.000000
16, 16, 1, 4, 502, 8.301847, 32.619663, 101.084259, 0.084702, 0.084702, 0.084702, 0.496276, 0.570013, 0.609267, 1.000000, 0.200000, 1.000000
16, 16, 15, 4, 502, 9.837154, 23.224644, 41.326611, 0.015783, 0.026645, 0.037506, 0.469385, 0.584254, 0.693157, 0.000000, 0.200000, 1.000000
16, 16, 29, 4, 502, 4.556580, 9.646637, 12.905838, 0.000000, 0.000000, 0.000000, 0.420338, 0.470963, 0.511615, 0.000000, 0.200000, 1.000000
29, 1, 1, 4, 502, 7.016695, 16.707047, 63.937782, 0.001244, 0.010977, 0.036339, 0.668855, 0.681129, 0.706161, 1.000000, 1.200000, 2.000000
29, 1, 15, 4, 502, 8.048063, 13.230725, 27.129211, 0.002071, 0.007850, 0.013063, 0.676051, 0.680763, 0.686277, 1.000000, 1.200000, 2.000000
29, 1, 29, 4, 502, 8.778171, 18.402460, 49.949348, 0.000910, 0.005776, 0.016036, 0.672074, 0.680599, 0.695177, 1.000000, 1.200000, 2.000000
29, 8, 1, 4, 502, 4.094759, 14.126612, 28.545557, 0.010612, 0.046822, 0.254184, 0.613054, 0.638641, 0.679712, 1.000000, 1.000000, 2.000000
29, 8, 15, 4, 502, 6.290524, 15.596842, 34.715736, 0.014395, 0.147340, 0.659738, 0.588562, 0.625773, 0.668413, 1.000000, 1.200000, 2.000000
29, 8, 29, 4, 502, 4.311442, 14.733940, 27.415695, 0.014443, 0.111513, 0.477807, 0.603080, 0.635791, 0.665194, 1.000000, 1.000000, 1.000000
29, 15, 1, 4, 502, 2.958504, 14.670401, 52.253906, 0.004744, 0.100956, 0.359386, 0.567163, 0.619152, 0.673589, 1.000000, 1.200000, 2.000000
29, 15, 15, 4, 502, 4.605999, 10.665286, 35.729298, 0.028463, 0.358346, 0.971218, 0.524744, 0.609645, 0.668161, 1.000000, 1.000000, 1.000000
29, 15, 29, 4, 502, 3.370425, 14.643473, 42.308628, 0.020771, 0.335828, 3.241998, 0.548289, 0.624274, 0.684257, 1.000000, 1.000000, 1.000000
29, 22, 1, 4, 502, 1.849584, 12.811907, 22.822533, 0.000000, 0.000000, 0.000000, 0.509532, 0.590734, 0.634453, 1.000000, 0.800000, 1.000000
29, 22, 15, 4, 502, 4.075820, 12.053179, 40.209595, 0.006619, 0.144997, 0.410224, 0.450133, 0.542630, 0.660018, 1.000000, 0.800000, 1.000000
29, 22, 29, 4, 502, 3.492229, 9.227763, 22.436365, 0.006683, 0.013025, 0.019253, 0.506249, 0.603472, 0.678197, 1.000000, 1.000000, 1.000000
29, 29, 1, 4, 502, 1.691074, 15.811327, 40.871658, 0.052415, 0.591814, 0.807943, 0.382149, 0.556862, 0.636536, 1.000000, 0.800000, 1.000000
29, 29, 15, 4, 502, 6.131229, 23.333683, 47.615181, 0.038897, 0.167523, 0.314064, 0.542482, 0.599792, 0.641523, 1.000000, 1.000000, 1.000000
29, 29, 29, 4, 502, 0.501253, 7.495585, 20.889191, 0.023944, 0.050148, 0.076353, 0.363085, 0.512047, 0.657682, 1.000000, 0.800000, 1.000000
42, 1, 1, 4, 502, 5.903924, 10.440372, 16.285568, 0.002844, 0.009634, 0.024065, 0.670244, 0.675470, 0.680533, 3.000000, 3.400000, 4.000000
42, 1, 15, 4, 502, 4.878117, 9.403887, 23.696041, 0.001496, 0.011645, 0.033324, 0.670938, 0.676474, 0.694672, 3.000000, 3.400000, 4.000000
42, 1, 29, 4, 502, 5.499425, 9.098988, 16.512726, 0.004144, 0.011447, 0.020486, 0.669171, 0.673226, 0.677629, 3.000000, 3.600000, 4.000000
42, 11, 1, 4, 502, 2.292304, 6.779058, 12.899748, 0.008757, 0.328259, 3.239815, 0.584964, 0.633089, 0.669612, 3.000000, 3.000000, 3.000000
42, 11, 15, 4, 502, 3.855314, 9.502287, 35.602592, 0.007022, 0.529726, 4.120537, 0.602639, 0.644442, 0.682868, 3.000000, 3.200000, 4.000000
42, 11, 29, 4, 502, 3.345264, 7.131129, 21.719898, 0.018211, 0.107944, 0.438890, 0.585153, 0.630391, 0.661470, 3.000000, 3.000000, 3.000000
42, 21, 1, 4, 502, 2.930431, 7.558295, 17.099819, 0.028619, 0.181553, 0.401315, 0.534402, 0.609686, 0.663805, 2.000000, 2.800000, 3.000000
42, 21, 15, 4, 502, 3.228860, 8.024083, 16.312822, 0.008421, 0.149103, 0.825562, 0.581050, 0.638767, 0.682490, 3.000000, 3.000000, 3.000000
42, 21, 29, 4, 502, 2.886068, 7.957453, 20.982191, 0.032972, 0.513115, 1.883209, 0.508837, 0.608635, 0.659639, 2.000000, 2.800000, 3.000000
42, 31, 1, 4, 502, 1.604857, 8.771441, 24.995817, 0.003128, 0.178391, 1.320132, 0.491541, 0.593205, 0.682616, 2.000000, 2.800000, 4.000000
42, 31, 15, 4, 502, 2.879371, 5.750238, 11.105297, 0.053176, 0.430200, 2.233143, 0.528721, 0.600196, 0.660270, 2.000000, 2.600000, 3.000000
42, 31, 29, 4, 502, 2.106511, 8.754014, 29.276110, 0.015530, 0.297331, 0.906459, 0.519442, 0.602831, 0.656609, 2.000000, 2.800000, 3.000000
42, 41, 1, 4, 502, 0.879097, 5.833989, 10.956384, 0.087057, 0.162644, 0.226116, 0.449438, 0.566993, 0.648908, 2.000000, 2.400000, 3.000000
42, 41, 15, 4, 502, 2.724094, 8.348194, 14.700317, 0.037575, 0.298970, 1.269245, 0.470521, 0.593142, 0.658187, 2.000000, 2.600000, 3.000000
42, 41, 29, 4, 502, 4.070945, 7.390874, 16.133118, 0.010367, 0.181742, 0.479405, 0.452784, 0.562205, 0.665446, 2.000000, 2.600000, 3.000000
3, 1, 1, 4, 1002, 135.153976, 226.457977, 278.311401, 0.002806, 0.004305, 0.006470, 0.636599, 0.683657, 0.710769, 0.000000, 0.000000, 0.000000
3, 1, 15, 4, 1002, 62.167873, 255.710724, 881.879883, 0.000901, 0.005614, 0.014937, 0.519947, 0.689698, 0.739932, 0.000000, 0.200000, 1.000000
3, 1, 29, 4, 1002, 62.167873, 111.841507, 260.862396, 0.003145, 0.011989, 0.014937, 0.519947, 0.667798, 0.717081, 0.000000, 0.000000, 0.000000
3, 2, 1, 4, 1002, 26.163692, 26.163692, 26.163692, 0.000000, 0.000000, 0.000000, 0.341687, 0.432032, 0.703068, 0.000000, 0.000000, 0.000000
3, 2, 15, 4, 1002, 26.163692, 54.208248, 75.148727, 0.000000, 0.000000, 0.000000, 0.341687, 0.496456, 0.703068, 0.000000, 0.200000, 1.000000
3, 2, 29, 4, 1002, 36.773342, 55.961037, 75.148727, 0.000000, 0.000000, 0.000000, 0.445272, 0.512562, 0.579851, 0.000000, 0.000000, 0.000000
3, 3, 1, 4, 1002, 21.966536, 91.341988, 178.915390, 0.006007, 0.042420, 0.086909, 0.341687, 0.535636, 0.729138, 0.000000, 0.200000, 1.000000
3, 3, 15, 4, 1002, 21.966536, 21.966536, 21.966536, 0.000000, 0.000000, 0.000000, 0.341687, 0.409844, 0.614316, 0.000000, 0.000000, 0.000000
3, 3, 29, 4, 1002, 21.966536, 613.685608, 3497.415039, 0.000000, 0.000000, 0.000000, 0.341687, 0.471317, 0.624542, 0.000000, 0.200000, 1.000000
16, 1, 1, 4, 1002, 14.738494, 26.576664, 87.626175, 0.000834, 0.007450, 0.017219, 0.679018, 0.688231, 0.701805, 0.000000, 0.400000, 1.000000
16, 1, 15, 4, 1002, 20.141665, 35.170525, 53.349846, 0.000834, 0.005186, 0.012297, 0.676556, 0.686684, 0.703636, 0.000000, 0.600000, 1.000000
16, 1, 29, 4, 1002, 14.773601, 38.859776, 167.376572, 0.000108, 0.005158, 0.014693, 0.675230, 0.694783, 0.728570, 0.000000, 0.600000, 1.000000
16, 4, 1, 4, 1002, 12.569288, 40.458923, 132.347015, 0.001454, 0.009958, 0.021522, 0.647141, 0.680741, 0.712789, 1.000000, 0.600000, 1.000000
16, 4, 15, 4, 1002, 7.123118, 24.273487, 93.338074, 0.002198, 0.073127, 0.341885, 0.610466, 0.659453, 0.705971, 0.000000, 0.400000, 1.000000
16, 4, 29, 4, 1002, 7.591497, 42.702717, 87.580849, 0.002798, 0.018440, 0.068536, 0.612612, 0.653065, 0.695809, 0.000000, 0.600000, 1.000000
16, 7, 1, 4, 1002, 6.120743, 43.727673, 318.059235, 0.002098, 0.059159, 0.181972, 0.552392, 0.639439, 0.715440, 1.000000, 0.600000, 1.000000
16, 7, 15, 4, 1002, 7.064134, 34.688606, 126.074844, 0.004359, 0.014877, 0.065170, 0.549362, 0.656353, 0.701237, 0.000000, 0.400000, 1.000000
16, 7, 29, 4, 1002, 10.276970, 29.997137, 103.017212, 0.002665, 0.073856, 0.291168, 0.551319, 0.632660, 0.721437, 1.000000, 0.600000, 1.000000
16, 10, 1, 4, 1002, 5.205919, 26.529308, 44.699184, 0.018136, 0.108003, 0.158334, 0.535286, 0.627228, 0.679207, 0.000000, 0.400000, 1.000000
16, 10, 15, 4, 1002, 17.139271, 45.274742, 111.894485, 0.004652, 0.044899, 0.133534, 0.534907, 0.630552, 0.728065, 1.000000, 0.600000, 1.000000
16, 10, 29, 4, 1002, 3.355741, 42.751137, 282.966156, 0.001435, 0.105521, 0.623803, 0.466166, 0.627055, 0.704961, 1.000000, 0.600000, 1.000000
16, 13, 1, 4, 1002, 10.737596, 31.334066, 65.174805, 0.004833, 0.041717, 0.204632, 0.436435, 0.614686, 0.689307, 0.000000, 0.400000, 1.000000
16, 13, 15, 4, 1002, 3.921806, 24.259413, 52.796883, 0.004833, 0.205223, 1.324534, 0.526891, 0.616289, 0.701679, 1.000000, 0.600000, 1.000000
16, 13, 29, 4, 1002, 8.744277, 23.171558, 48.987103, 0.007605, 0.018982, 0.042567, 0.482452, 0.587928, 0.699407, 0.000000, 0.400000, 1.000000
16, 16, 1, 4, 1002, 7.663414, 23.498180, 46.669159, 0.028412, 0.143435, 0.423910, 0.493183, 0.589929, 0.652758, 0.000000, 0.400000, 1.000000
16, 16, 15, 4, 1002, 5.296466, 20.919363, 72.009987, 0.008185, 0.029679, 0.084694, 0.445525, 0.545364, 0.657682, 1.000000, 0.600000, 1.000000
16, 16, 29, 4, 1002, 6.460791, 40.732098, 134.687378, 0.003105, 0.021724, 0.037578, 0.576316, 0.622507, 0.696503, 1.000000, 0.600000, 1.000000
29, 1, 1, 4, 1002, 8.499842, 14.966105, 36.012379, 0.002692, 0.008672, 0.020547, 0.669928, 0.678860, 0.688234, 2.000000, 2.400000, 3.000000
29, 1, 15, 4, 1002, 8.956183, 13.558408, 18.880766, 0.001550, 0.009980, 0.026865, 0.670686, 0.677771, 0.684888, 2.000000, 2.400000, 3.000000
29, 1, 29, 4, 1002, 7.632543, 17.583878, 55.336475, 0.001411, 0.007291, 0.023776, 0.665257, 0.676843, 0.689181, 2.000000, 2.400000, 3.000000
29, 8, 1, 4, 1002, 6.173191, 14.043074, 32.158974, 0.008107, 0.110582, 0.613369, 0.614064, 0.651401, 0.682174, 2.000000, 2.200000, 3.000000
29, 8, 15, 4, 1002, 5.130882, 14.706950, 84.162888, 0.013040, 0.091261, 0.284625, 0.599798, 0.640604, 0.676808, 2.000000, 2.200000, 3.000000
29, 8, 29, 4, 1002, 9.076762, 24.839659, 67.095543, 0.002580, 0.100798, 0.781841, 0.609456, 0.656855, 0.691137, 2.000000, 2.400000, 3.000000
29, 15, 1, 4, 1002, 2.535560, 16.137270, 58.544312, 0.005987, 0.155905, 0.661296, 0.526070, 0.606170, 0.676619, 2.000000, 2.000000, 2.000000
29, 15, 15, 4, 1002, 2.931043, 11.653726, 44.778316, 0.006240, 0.019604, 0.029555, 0.530299, 0.602904, 0.678008, 1.000000, 2.000000, 3.000000
29, 15, 29, 4, 1002, 1.851640, 13.126409, 41.776943, 0.008281, 0.097510, 0.400018, 0.547658, 0.622125, 0.678008, 2.000000, 2.000000, 2.000000
29, 22, 1, 4, 1002, 4.270092, 20.731075, 46.200092, 0.007223, 0.100042, 0.319179, 0.590330, 0.633755, 0.671506, 2.000000, 2.200000, 3.000000
29, 22, 15, 4, 1002, 3.567706, 14.685316, 37.102997, 0.013232, 0.250463, 0.877275, 0.526764, 0.602837, 0.664058, 1.000000, 2.000000, 3.000000
29, 22, 29, 4, 1002, 5.817769, 13.824954, 26.829731, 0.003600, 0.039514, 0.074097, 0.515718, 0.616248, 0.677440, 1.000000, 2.000000, 3.000000
29, 29, 1, 4, 1002, 3.116708, 11.441736, 30.846689, 0.015877, 0.480929, 2.100253, 0.400454, 0.536454, 0.638493, 1.000000, 1.600000, 2.000000
29, 29, 15, 4, 1002, 2.238117, 11.531945, 31.296555, 0.014006, 0.025399, 0.039652, 0.341687, 0.516384, 0.684257, 1.000000, 1.400000, 3.000000
29, 29, 29, 4, 1002, 4.408994, 9.941251, 18.128876, 0.043276, 0.081669, 0.162585, 0.341687, 0.561485, 0.668792, 1.000000, 1.800000, 2.000000
42, 1, 1, 4, 1002, 5.879267, 9.552673, 17.431787, 0.001427, 0.009800, 0.016354, 0.667529, 0.672406, 0.687034, 6.000000, 6.800000, 7.000000
42, 1, 15, 4, 1002, 6.193025, 10.138033, 19.398643, 0.002713, 0.007738, 0.024651, 0.671317, 0.678128, 0.689054, 6.000000, 6.800000, 7.000000
42, 1, 29, 4, 1002, 6.443601, 9.351988, 23.335344, 0.003928, 0.015449, 0.033733, 0.670244, 0.674628, 0.681985, 7.000000, 7.000000, 7.000000
42, 11, 1, 4, 1002, 4.061530, 9.526854, 15.228543, 0.006099, 0.184851, 0.784974, 0.611476, 0.653402, 0.685015, 6.000000, 6.200000, 7.000000
42, 11, 15, 4, 1002, 4.130594, 10.008486, 21.326355, 0.014054, 0.111464, 0.521756, 0.616589, 0.646093, 0.669676, 6.000000, 6.600000, 7.000000
42, 11, 29, 4, 1002, 4.293875, 7.856414, 18.648682, 0.006031, 0.097159, 0.584468, 0.610276, 0.644603, 0.681101, 6.000000, 6.400000, 7.000000
42, 21, 1, 4, 1002, 4.189923, 8.935350, 21.486853, 0.026238, 0.579500, 4.983794, 0.558894, 0.619597, 0.674599, 5.000000, 5.800000, 6.000000
42, 21, 15, 4, 1002, 2.161873, 7.755079, 29.015583, 0.036251, 0.303325, 0.753843, 0.519126, 0.605094, 0.647645, 5.000000, 5.600000, 6.000000
42, 21, 29, 4, 1002, 3.068825, 12.016333, 29.267006, 0.016001, 0.032999, 0.112451, 0.575811, 0.633225, 0.673968, 5.000000, 6.200000, 7.000000
42, 31, 1, 4, 1002, 3.473669, 8.412848, 15.397528, 0.012645, 0.296394, 2.258287, 0.561040, 0.630643, 0.675104, 6.000000, 6.000000, 6.000000
42, 31, 15, 4, 1002, 1.385211, 7.130830, 20.493542, 0.005679, 0.190260, 0.740513, 0.515402, 0.587120, 0.654842, 5.000000, 5.400000, 6.000000
42, 31, 29, 4, 1002, 2.726926, 7.525691, 12.195806, 0.008947, 0.347522, 1.567421, 0.503346, 0.625549, 0.674915, 5.000000, 5.800000, 6.000000
42, 41, 1, 4, 1002, 0.605529, 5.889570, 13.996973, 0.032912, 0.245198, 0.636371, 0.403863, 0.556038, 0.666898, 3.000000, 4.600000, 6.000000
42, 41, 15, 4, 1002, 1.500782, 7.280030, 18.577320, 0.032749, 0.076283, 0.119817, 0.426272, 0.535532, 0.622270, 4.000000, 4.600000, 6.000000
42, 41, 29, 4, 1002, 2.192627, 7.548685, 17.201136, 0.149656, 0.975995, 1.866026, 0.429491, 0.559838, 0.645499, 4.000000, 5.200000, 7.000000
3, 1, 1, 16, 2, 30.789312, 106.669937, 914.294250, 0.000834, 0.016400, 0.047186, 0.589509, 0.683526, 0.741384, 0.000000, 0.000000, 0.000000
3, 1, 15, 16, 2, 30.789312, 294.962585, 3135.309814, 0.000227, 0.013283, 0.047186, 0.565964, 0.678631, 0.741384, 0.000000, 0.000000, 0.000000
3, 1, 29, 16, 2, 30.789312, 362.988678, 3135.309814, 0.000227, 0.013740, 0.055115, 0.565964, 0.683207, 0.741384, 0.000000, 0.000000, 0.000000
3, 2, 1, 16, 2, 18.787077, 113.100922, 776.711609, 0.001767, 0.024771, 0.049684, 0.341687, 0.542932, 0.733683, 0.000000, 0.000000, 0.000000
3, 2, 15, 16, 2, 18.787077, 107.818893, 776.711609, 0.001767, 0.025605, 0.049684, 0.341687, 0.554736, 0.733683, 0.000000, 0.000000, 0.000000
3, 2, 29, 16, 2, 13.139112, 99.013130, 417.459381, 0.001656, 0.018705, 0.049684, 0.341687, 0.564020, 0.733683, 0.000000, 0.000000, 0.000000
3, 3, 1, 16, 2, 18.757231, 246.435715, 1329.972290, 0.027485, 0.045295, 0.066535, 0.341687, 0.551331, 0.728443, 0.000000, 0.000000, 0.000000
3, 3, 15, 16, 2, 18.757231, 248.727753, 1329.972290, 0.004619, 0.038535, 0.066535, 0.341687, 0.549101, 0.728443, 0.000000, 0.000000, 0.000000
3, 3, 29, 16, 2, 18.757231, 246.435715, 1329.972290, 0.027485, 0.045295, 0.066535, 0.341687, 0.551331, 0.728443, 0.000000, 0.000000, 0.000000
16, 1, 1, 16, 2, 14.373128, 27.710209, 56.290222, 0.001176, 0.006444, 0.021136, 0.664815, 0.686270, 0.702942, 0.000000, 0.000000, 0.000000
16, 1, 15, 16, 2, 14.373128, 26.100845, 45.255363, 0.000764, 0.006487, 0.021136, 0.664815, 0.686794, 0.729075, 0.000000, 0.000000, 0.000000
16, 1, 29, 16, 2, 14.373128, 28.539499, 65.248810, 0.001176, 0.006625, 0.021136, 0.669928, 0.687416, 0.702942, 0.000000, 0.000000, 0.000000
16, 4, 1, 16, 2, 22.639822, 42.712780, 117.938805, 0.001651, 0.021295, 0.090245, 0.625110, 0.669111, 0.730148, 0.000000, 0.000000, 0.000000
16, 4, 15, 16, 2, 15.742468, 46.282658, 117.938805, 0.002342, 0.027740, 0.090245, 0.638808, 0.680884, 0.722447, 0.000000, 0.000000, 0.000000
16, 4, 29, 16, 2, 11.205480, 28.999958, 56.318714, 0.002443, 0.027150, 0.090245, 0.625110, 0.667924, 0.722447, 0.000000, 0.000000, 0.000000
16, 7, 1, 16, 2, 7.727374, 25.586922, 82.585716, 0.006208, 0.036937, 0.132133, 0.584459, 0.650829, 0.704646, 0.000000, 0.000000, 0.000000
16, 7, 15, 16, 2, 6.966487, 37.311012, 174.027130, 0.002295, 0.079589, 0.539591, 0.533771, 0.641750, 0.704646, 0.000000, 0.000000, 0.000000
16, 7, 29, 16, 2, 6.966487, 28.936010, 98.128227, 0.002295, 0.035288, 0.539591, 0.533771, 0.653772, 0.704646, 0.000000, 0.000000, 0.000000
16, 10, 1, 16, 2, 13.434265, 44.584633, 93.301819, 0.003467, 0.050199, 0.367114, 0.543745, 0.653484, 0.709443, 0.000000, 0.000000, 0.000000
16, 10, 15, 16, 2, 8.248434, 39.026482, 191.972870, 0.000834, 0.082567, 0.367114, 0.543745, 0.628346, 0.701553, 0.000000, 0.000000, 0.000000
16, 10, 29, 16, 2, 6.748409, 40.615044, 133.617340, 0.005316, 0.226041, 1.960526, 0.543745, 0.635459, 0.725792, 0.000000, 0.000000, 0.000000
16, 13, 1, 16, 2, 4.448890, 24.872648, 44.403748, 0.007438, 0.032938, 0.118237, 0.503093, 0.618266, 0.700354, 0.000000, 0.000000, 0.000000
16, 13, 15, 16, 2, 4.448890, 25.528936, 71.836777, 0.007594, 0.088478, 0.898437, 0.506439, 0.608545, 0.700354, 0.000000, 0.000000, 0.000000
16, 13, 29, 16, 2, 4.448890, 24.921982, 71.836777, 0.007594, 0.034502, 0.049501, 0.488448, 0.589754, 0.679649, 0.000000, 0.000000, 0.000000
16, 16, 1, 16, 2, 9.480682, 28.776224, 67.293510, 0.006492, 0.174715, 0.928610, 0.518621, 0.630152, 0.725224, 0.000000, 0.000000, 0.000000
16, 16, 15, 16, 2, 9.480682, 44.809959, 261.659088, 0.003762, 0.207838, 0.928610, 0.503724, 0.615685, 0.686529, 0.000000, 0.000000, 0.000000
16, 16, 29, 16, 2, 2.952311, 33.966740, 261.659088, 0.003586, 0.133137, 0.877370, 0.376720, 0.601776, 0.696945, 0.000000, 0.000000, 0.000000
29, 1, 1, 16, 2, 7.472817, 14.304369, 31.122292, 0.002684, 0.009709, 0.019960, 0.670117, 0.675542, 0.684383, 0.000000, 0.200000, 1.000000
29, 1, 15, 16, 2, 7.232758, 12.841957, 30.914066, 0.002667, 0.008966, 0.016882, 0.670496, 0.678406, 0.689875, 0.000000, 0.000000, 0.000000
29, 1, 29, 16, 2, 8.436967, 13.345403, 30.914066, 0.001675, 0.009104, 0.019960, 0.671127, 0.678424, 0.687224, 0.000000, 0.000000, 0.000000
29, 8, 1, 16, 2, 7.741525, 17.000408, 30.823133, 0.008915, 0.063595, 0.599816, 0.624858, 0.655946, 0.695177, 0.000000, 0.000000, 0.000000
29, 8, 15, 16, 2, 7.741525, 17.474884, 30.823133, 0.009565, 0.068367, 0.599816, 0.632243, 0.656834, 0.695177, 0.000000, 0.000000, 0.000000
29, 8, 29, 16, 2, 5.236775, 16.392155, 33.902153, 0.008915, 0.068661, 0.378352, 0.613180, 0.654056, 0.695177, 0.000000, 0.000000, 0.000000
29, 15, 1, 16, 2, 2.596105, 12.897122, 23.611473, 0.002639, 0.098473, 0.579043, 0.498738, 0.631912, 0.681921, 0.000000, 0.000000, 0.000000
29, 15, 15, 16, 2, 4.537451, 13.136287, 23.611473, 0.002639, 0.031595, 0.104957, 0.583007, 0.654155, 0.681921, 0.000000, 0.000000, 0.000000
29, 15, 29, 16, 2, 5.784413, 13.542524, 23.611473, 0.002639, 0.028625, 0.079164, 0.574422, 0.652305, 0.681921, 0.000000, 0.000000, 0.000000
29, 22, 1, 16, 2, 2.607081, 7.765625, 15.552635, 0.011881, 0.746178, 2.807257, 0.499558, 0.586099, 0.658376, 0.000000, 0.000000, 0.000000
29, 22, 15, 16, 2, 2.607081, 8.137239, 38.705040, 0.017023, 0.526191, 2.807257, 0.489648, 0.587239, 0.684951, 0.000000, 0.200000, 1.000000
29, 22, 29, 16, 2, 4.412470, 12.735832, 38.705040, 0.031541, 0.195276, 0.690806, 0.562934, 0.607637, 0.684951, 0.000000, 0.000000, 0.000000
29, 29, 1, 16, 2, 1.342551, 9.774803, 21.926407, 0.011574, 0.068567, 0.140234, 0.482767, 0.593312, 0.678260, 0.000000, 0.000000, 0.000000
29, 29, 15, 16, 2, 3.220042, 13.416895, 44.717964, 0.005818, 0.094093, 0.407168, 0.510478, 0.606836, 0.678260, 0.000000, 0.000000, 0.000000
29, 29, 29, 16, 2, 3.403509, 14.913078, 54.603535, 0.005818, 0.046489, 0.260463, 0.341687, 0.611455, 0.689686, 0.000000, 0.000000, 0.000000
42, 1, 1, 16, 2, 5.401542, 9.061137, 13.840456, 0.002479, 0.012850, 0.029102, 0.669676, 0.673972, 0.681164, 0.000000, 0.000000, 0.000000
42, 1, 15, 16, 2, 4.706971, 8.614367, 19.779703, 0.002479, 0.013398, 0.041085, 0.669676, 0.674923, 0.681164, 0.000000, 0.000000, 0.000000
42, 1, 29, 16, 2, 5.206463, 9.238406, 16.789904, 0.002035, 0.010743, 0.029102, 0.669423, 0.675743, 0.690633, 0.000000, 0.200000, 1.000000
42, 11, 1, 16, 2, 3.028414, 6.786510, 14.156008, 0.005399, 0.109700, 0.509245, 0.592854, 0.640981, 0.675862, 0.000000, 0.000000, 0.000000
42, 11, 15, 16, 2, 2.343709, 7.137431, 43.941540, 0.002103, 0.112173, 0.509245, 0.600177, 0.641949, 0.675862, 0.000000, 0.000000, 0.000000
42, 11, 29, 16, 2, 2.343709, 7.546659, 19.486574, 0.005399, 0.119341, 1.083544, 0.599356, 0.643183, 0.675862, 0.000000, 0.200000, 1.000000
42, 21, 1, 16, 2, 2.891074, 7.028305, 11.072900, 0.028663, 0.163484, 0.857423, 0.525249, 0.626973, 0.669549, 0.000000, 0.000000, 0.000000
42, 21, 15, 16, 2, 5.506574, 9.356886, 14.759415, 0.008743, 0.237199, 2.102701, 0.596642, 0.642335, 0.674599, 0.000000, 0.000000, 0.000000
42, 21, 29, 16, 2, 3.734597, 9.250769, 31.521732, 0.008743, 0.345412, 2.102701, 0.525249, 0.618976, 0.664941, 0.000000, 0.000000, 0.000000
42, 31, 1, 16, 2, 2.092763, 7.114478, 19.017159, 0.040861, 1.395090, 9.433590, 0.473678, 0.591377, 0.672516, 0.000000, 0.200000, 1.000000
42, 31, 15, 16, 2, 2.386770, 9.430332, 23.362608, 0.034942, 0.148865, 0.288143, 0.509721, 0.606809, 0.653832, 0.000000, 0.000000, 0.000000
42, 31, 29, 16, 2, 2.386770, 7.531854, 17.009659, 0.013893, 0.105489, 0.229608, 0.476202, 0.590884, 0.661596, 0.000000, 0.000000, 0.000000
42, 41, 1, 16, 2, 0.409323, 6.625489, 23.132158, 0.770466, 0.770466, 0.770466, 0.498990, 0.570808, 0.611223, 0.000000, 0.000000, 0.000000
42, 41, 15, 16, 2, 0.409323, 6.387744, 23.132158, 0.770466, 0.770466, 0.770466, 0.397930, 0.559719, 0.639944, 0.000000, 0.000000, 0.000000
42, 41, 29, 16, 2, 0.409323, 6.917053, 19.356573, 0.001958, 0.359056, 2.120471, 0.398624, 0.579156, 0.678576, 0.000000, 0.200000, 1.000000
3, 1, 1, 16, 502, 27.270327, 106.630821, 1229.962402, 0.000598, 0.019385, 0.045143, 0.481126, 0.690765, 0.742836, 0.000000, 0.000000, 0.000000
3, 1, 15, 16, 502, 36.620758, 122.008751, 427.591705, 0.000686, 0.011811, 0.036240, 0.592223, 0.697420, 0.746812, 0.000000, 0.200000, 1.000000
3, 1, 29, 16, 502, 36.622944, 96.582108, 891.733093, 0.000932, 0.013490, 0.035175, 0.469511, 0.693316, 0.737659, 0.000000, 0.200000, 1.000000
3, 2, 1, 16, 502, 12.218799, 109.972130, 879.025146, 0.000793, 0.033783, 0.114792, 0.341687, 0.519588, 0.742204, 0.000000, 0.200000, 1.000000
3, 2, 15, 16, 502, 16.789658, 95.106949, 1038.555786, 0.003701, 0.037478, 0.096111, 0.341687, 0.484350, 0.717207, 1.000000, 0.200000, 1.000000
3, 2, 29, 16, 502, 15.459956, 110.602715, 1485.063599, 0.000683, 0.060640, 0.097343, 0.341687, 0.531771, 0.703005, 1.000000, 0.200000, 1.000000
3, 3, 1, 16, 502, 17.873783, 77.882263, 310.818848, 0.001260, 0.018093, 0.038998, 0.341687, 0.427900, 0.715503, 0.000000, 0.000000, 0.000000
3, 3, 15, 16, 502, 14.463665, 51.100029, 111.723396, 0.013253, 0.035342, 0.088627, 0.341687, 0.446332, 0.736713, 0.000000, 0.200000, 1.000000
3, 3, 29, 16, 502, 18.821144, 88.136047, 535.882568, 0.001045, 0.023420, 0.088627, 0.341687, 0.472776, 0.748012, 0.000000, 0.200000, 1.000000
16, 1, 1, 16, 502, 12.832149, 23.651587, 66.943169, 0.001027, 0.009045, 0.029008, 0.671380, 0.688415, 0.728065, 1.000000, 1.200000, 2.000000
16, 1, 15, 16, 502, 10.247760, 25.172419, 99.609100, 0.000383, 0.007953, 0.034838, 0.673779, 0.691680, 0.731284, 1.000000, 1.200000, 2.000000
16, 1, 29, 16, 502, 11.213476, 28.853928, 113.957100, 0.000488, 0.006784, 0.031391, 0.673021, 0.690276, 0.726423, 1.000000, 1.200000, 2.000000
16, 4, 1, 16, 502, 5.243018, 28.746624, 80.344086, 0.001233, 0.055678, 0.873888, 0.583260, 0.658816, 0.706098, 1.000000, 1.000000, 1.000000
16, 4, 15, 16, 502, 6.163984, 28.039328, 109.893356, 0.001644, 0.055482, 0.505089, 0.598914, 0.662326, 0.721247, 1.000000, 1.000000, 1.000000
16, 4, 29, 16, 502, 1.812038, 38.858562, 174.845871, 0.001974, 0.078328, 0.566382, 0.510478, 0.658881, 0.732105, 1.000000, 1.200000, 2.000000
16, 7, 1, 16, 502, 3.135626, 23.365688, 111.951317, 0.001134, 0.048154, 0.278697, 0.491983, 0.631784, 0.715503, 1.000000, 1.000000, 1.000000
16, 7, 15, 16, 502, 1.703400, 26.046192, 119.394783, 0.006043, 0.096191, 1.010419, 0.502336, 0.615771, 0.723393, 1.000000, 1.000000, 1.000000
16, 7, 29, 16, 502, 3.809436, 26.965771, 111.599190, 0.001857, 0.066844, 0.593183, 0.557127, 0.632515, 0.698270, 1.000000, 1.000000, 1.000000
16, 10, 1, 16, 502, 1.479889, 29.833187, 297.482819, 0.005009, 0.094021, 0.618008, 0.397551, 0.613519, 0.720869, 1.000000, 0.800000, 1.000000
16, 10, 15, 16, 502, 3.710005, 23.209826, 82.790665, 0.002055, 0.124977, 1.153333, 0.507259, 0.609335, 0.723962, 1.000000, 1.000000, 1.000000
16, 10, 29, 16, 502, 2.074138, 27.685028, 121.332161, 0.004250, 0.143656, 0.885564, 0.457392, 0.629086, 0.710706, 1.000000, 1.000000, 1.000000
16, 13, 1, 16, 502, 2.496463, 20.812855, 126.757378, 0.003001, 0.112726, 0.488323, 0.429933, 0.598767, 0.704457, 1.000000, 1.000000, 1.000000
16, 13, 15, 16, 502, 2.807610, 28.273975, 99.397606, 0.000972, 0.036212, 0.290356, 0.413774, 0.597058, 0.708181, 1.000000, 1.000000, 1.000000
16, 13, 29, 16, 502, 2.168529, 27.518671, 240.146805, 0.005063, 0.146664, 0.376254, 0.514329, 0.625224, 0.715251, 1.000000, 1.000000, 1.000000
16, 16, 1, 16, 502, 0.639029, 21.995808, 273.644623, 0.010273, 0.134891, 0.514353, 0.341687, 0.569403, 0.684257, 1.000000, 0.800000, 1.000000
16, 16, 15, 16, 502, 0.974188, 19.068018, 92.547890, 0.020342, 0.119207, 0.316170, 0.341687, 0.526181, 0.703005, 1.000000, 0.800000, 1.000000
16, 16, 29, 16, 502, 1.370327, 14.200360, 53.869244, 0.029055, 0.056931, 0.084676, 0.341687, 0.555104, 0.688676, 1.000000, 0.800000, 1.000000
29, 1, 1, 16, 502, 6.374486, 13.252268, 28.015673, 0.001712, 0.010458, 0.040522, 0.671127, 0.679247, 0.687918, 5.000000, 5.000000, 5.000000
29, 1, 15, 16, 502, 7.940532, 15.108894, 51.692352, 0.001582, 0.011724, 0.028962, 0.670812, 0.679715, 0.690380, 5.000000, 5.000000, 5.000000
29, 1, 29, 16, 502, 7.803088, 14.825460, 77.537415, 0.001483, 0.009559, 0.031744, 0.671695, 0.680832, 0.713609, 5.000000, 5.000000, 5.000000
29, 8, 1, 16, 502, 5.151799, 19.610332, 135.570206, 0.003313, 0.176570, 1.840567, 0.604911, 0.646468, 0.684068, 4.000000, 4.400000, 5.000000
29, 8, 15, 16, 502, 3.956006, 12.652035, 30.736355, 0.003224, 0.082395, 0.631358, 0.572844, 0.642452, 0.690948, 4.000000, 4.400000, 5.000000
29, 8, 29, 16, 502, 4.095780, 12.698599, 40.570610, 0.008499, 0.253895, 2.141059, 0.483146, 0.639525, 0.704141, 4.000000, 4.600000, 5.000000
29, 15, 1, 16, 502, 1.143867, 11.485096, 32.977951, 0.007695, 0.218607, 1.628706, 0.526575, 0.625918, 0.677755, 4.000000, 4.000000, 4.000000
29, 15, 15, 16, 502, 3.337993, 11.079909, 47.237610, 0.005395, 0.093011, 0.403369, 0.573476, 0.629825, 0.683373, 4.000000, 4.400000, 5.000000
29, 15, 29, 16, 502, 2.347859, 9.610552, 37.702393, 0.009801, 0.063783, 0.192210, 0.476644, 0.582152, 0.691011, 3.000000, 3.800000, 5.000000
29, 22, 1, 16, 502, 3.494313, 9.432769, 34.024799, 0.007974, 0.605069, 1.681146, 0.465913, 0.574356, 0.694862, 3.000000, 3.800000, 4.000000
29, 22, 15, 16, 502, 2.707278, 11.524959, 39.269329, 0.004246, 0.134470, 0.696243, 0.429617, 0.581412, 0.681732, 3.000000, 3.800000, 5.000000
29, 22, 29, 16, 502, 1.589262, 9.667064, 64.859558, 0.002979, 0.136280, 0.399671, 0.489080, 0.597919, 0.682363, 3.000000, 3.800000, 5.000000
29, 29, 1, 16, 502, 1.314085, 11.140478, 68.100342, 0.005790, 0.164686, 1.279404, 0.341687, 0.566528, 0.681921, 3.000000, 3.400000, 5.000000
29, 29, 15, 16, 502, 1.511392, 13.529743, 63.204346, 0.008575, 0.103102, 0.545597, 0.341687, 0.548420, 0.679081, 3.000000, 3.200000, 4.000000
29, 29, 29, 16, 502, 0.754549, 10.114148, 46.357677, 0.001806, 0.245453, 0.934652, 0.473236, 0.589353, 0.675799, 3.000000, 3.600000, 4.000000
42, 1, 1, 16, 502, 4.843574, 7.814860, 22.578857, 0.001748, 0.014697, 0.035885, 0.668413, 0.673468, 0.684951, 14.000000, 14.600000, 15.000000
42, 1, 15, 16, 502, 4.817686, 9.837320, 27.865479, 0.001381, 0.009406, 0.029652, 0.667151, 0.675530, 0.686529, 14.000000, 14.400000, 15.000000
42, 1, 29, 16, 502, 5.667225, 9.118174, 22.080875, 0.001009, 0.012814, 0.036418, 0.666898, 0.673840, 0.684825, 14.000000, 14.400000, 15.000000
42, 11, 1, 16, 502, 1.745535, 6.813747, 26.172890, 0.008406, 0.345424, 2.638057, 0.493435, 0.632750, 0.698270, 12.000000, 12.600000, 13.000000
42, 11, 15, 16, 502, 0.935541, 5.669524, 20.043901, 0.010548, 0.193719, 0.958195, 0.543555, 0.617929, 0.679207, 12.000000, 12.200000, 13.000000
42, 11, 29, 16, 502, 1.374812, 6.716498, 20.867512, 0.014063, 0.253911, 3.045569, 0.356521, 0.608184, 0.676872, 11.000000, 11.800000, 13.000000
42, 21, 1, 16, 502, 2.600929, 8.079459, 37.281769, 0.030339, 0.137678, 0.476527, 0.341687, 0.587155, 0.674410, 9.000000, 10.400000, 11.000000
42, 21, 15, 16, 502, 1.922229, 8.107921, 32.663967, 0.006783, 0.883085, 3.171062, 0.452847, 0.603587, 0.666646, 11.000000, 11.200000, 12.000000
42, 21, 29, 16, 502, 2.755018, 6.217744, 14.749371, 0.012804, 0.347511, 1.103469, 0.529289, 0.616760, 0.685330, 11.000000, 11.200000, 12.000000
42, 31, 1, 16, 502, 0.446555, 6.526313, 22.069023, 0.040854, 0.154706, 0.292775, 0.341687, 0.553828, 0.659702, 8.000000, 9.600000, 11.000000
42, 31, 15, 16, 502, 0.530467, 8.675035, 34.717098, 0.003374, 0.169982, 0.551241, 0.453036, 0.612803, 0.680659, 10.000000, 11.000000, 12.000000
42, 31, 29, 16, 502, 0.229414, 7.178774, 19.343868, 0.019711, 0.070158, 0.225799, 0.346484, 0.574257, 0.678134, 10.000000, 10.600000, 11.000000
42, 41, 1, 16, 502, 0.524907, 7.500405, 28.545834, 0.015482, 0.128463, 0.378976, 0.369272, 0.554348, 0.672264, 9.000000, 9.400000, 10.000000
42, 41, 15, 16, 502, 0.372782, 5.594625, 17.469593, 0.019932, 0.364854, 1.078356, 0.341687, 0.546288, 0.652885, 7.000000, 9.000000, 11.000000
42, 41, 29, 16, 502, 0.105650, 5.246225, 16.847557, 0.042276, 0.272146, 1.297189, 0.341687, 0.538455, 0.668161, 6.000000, 8.800000, 11.000000
3, 1, 1, 16, 1002, 31.381914, 153.116470, 1087.764038, 0.000576, 0.013843, 0.038032, 0.517485, 0.669955, 0.739679, 0.000000, 0.200000, 1.000000
3, 1, 15, 16, 1002, 30.925163, 120.036301, 1312.837524, 0.000563, 0.018971, 0.053364, 0.439402, 0.701160, 0.736776, 1.000000, 0.400000, 1.000000
3, 1, 29, 16, 1002, 33.810474, 130.037766, 690.716309, 0.000560, 0.021185, 0.053084, 0.538000, 0.689552, 0.745613, 1.000000, 0.400000, 1.000000
3, 2, 1, 16, 1002, 13.937120, 133.679581, 2006.616211, 0.000351, 0.040224, 0.105684, 0.341687, 0.535983, 0.731095, 0.000000, 0.200000, 1.000000
3, 2, 15, 16, 1002, 9.786006, 127.952644, 1281.701172, 0.000578, 0.013377, 0.074510, 0.341687, 0.506753, 0.736460, 0.000000, 0.200000, 1.000000
3, 2, 29, 16, 1002, 9.370352, 157.350769, 1416.885010, 0.001324, 0.035592, 0.098322, 0.341687, 0.566626, 0.739427, 1.000000, 0.600000, 1.000000
3, 3, 1, 16, 1002, 20.057077, 121.222382, 1308.126343, 0.014887, 0.062482, 0.086280, 0.341687, 0.408881, 0.715124, 0.000000, 0.200000, 1.000000
3, 3, 15, 16, 1002, 9.087862, 78.222992, 299.498505, 0.002419, 0.045496, 0.098051, 0.341687, 0.409784, 0.696250, 0.000000, 0.400000, 1.000000
3, 3, 29, 16, 1002, 19.979753, 101.353432, 667.884827, 0.000945, 0.040262, 0.088620, 0.341687, 0.421369, 0.730211, 0.000000, 0.400000, 1.000000
16, 1, 1, 16, 1002, 10.605214, 25.259151, 78.243744, 0.000379, 0.008110, 0.027655, 0.670938, 0.692906, 0.735324, 2.000000, 2.200000, 3.000000
16, 1, 15, 16, 1002, 10.901173, 23.391125, 97.841278, 0.001136, 0.011509, 0.034415, 0.672327, 0.687669, 0.705656, 2.000000, 2.400000, 3.000000
16, 1, 29, 16, 1002, 9.706845, 24.405041, 95.977837, 0.001017, 0.008102, 0.042204, 0.666583, 0.685766, 0.707297, 2.000000, 2.200000, 3.000000
16, 4, 1, 16, 1002, 2.453567, 30.017162, 107.806686, 0.004086, 0.118130, 1.133982, 0.564449, 0.646284, 0.714746, 2.000000, 2.600000, 3.000000
16, 4, 15, 16, 1002, 5.428184, 29.491497, 197.132050, 0.002956, 0.134951, 0.860039, 0.551572, 0.639375, 0.711589, 2.000000, 2.400000, 3.000000
16, 4, 29, 16, 1002, 2.553825, 18.495426, 94.077400, 0.004214, 0.143770, 0.695856, 0.518621, 0.646877, 0.706350, 1.000000, 2.000000, 3.000000
16, 7, 1, 16, 1002, 0.813659, 19.519022, 83.028465, 0.003835, 0.121246, 0.548504, 0.350650, 0.608168, 0.716071, 1.000000, 2.000000, 3.000000
16, 7, 15, 16, 1002, 2.382323, 22.811651, 198.084869, 0.003159, 0.061172, 0.342125, 0.456003, 0.628832, 0.703194, 2.000000, 2.400000, 3.000000
16, 7, 29, 16, 1002, 2.579232, 51.098827, 328.259399, 0.003053, 0.052267, 0.229002, 0.376720, 0.624008, 0.729580, 2.000000, 2.400000, 3.000000
16, 10, 1, 16, 1002, 1.621643, 19.808216, 109.188469, 0.002393, 0.086541, 0.512038, 0.465724, 0.617707, 0.714556, 2.000000, 2.000000, 2.000000
16, 10, 15, 16, 1002, 3.661871, 20.249317, 83.208084, 0.005031, 0.197805, 0.967950, 0.539326, 0.614381, 0.694862, 2.000000, 2.200000, 3.000000
16, 10, 29, 16, 1002, 1.176149, 18.530558, 77.207947, 0.001520, 0.062018, 0.396338, 0.459980, 0.628644, 0.720048, 2.000000, 2.200000, 3.000000
16, 13, 1, 16, 1002, 2.226166, 18.223743, 150.007980, 0.002458, 0.271335, 1.990457, 0.405378, 0.591425, 0.705530, 2.000000, 2.000000, 2.000000
16, 13, 15, 16, 1002, 0.850336, 18.402512, 85.507957, 0.000955, 0.121932, 0.301340, 0.376594, 0.592292, 0.709696, 2.000000, 2.000000, 2.000000
16, 13, 29, 16, 1002, 1.389098, 23.875866, 128.554810, 0.003637, 0.186344, 1.035499, 0.361634, 0.613126, 0.733998, 2.000000, 2.200000, 3.000000
16, 16, 1, 16, 1002, 1.115066, 18.279951, 79.105614, 0.006674, 0.098638, 0.619887, 0.447292, 0.589332, 0.695240, 1.000000, 2.000000, 3.000000
16, 16, 15, 16, 1002, 0.553440, 16.099861, 72.093224, 0.006330, 0.128735, 0.653302, 0.341687, 0.554175, 0.705340, 1.000000, 1.800000, 2.000000
16, 16, 29, 16, 1002, 2.220411, 26.434965, 134.546448, 0.001041, 0.047114, 0.223637, 0.341687, 0.597778, 0.714998, 1.000000, 2.000000, 3.000000
29, 1, 1, 16, 1002, 7.473134, 13.322719, 32.983547, 0.002068, 0.010889, 0.038833, 0.667971, 0.677196, 0.693726, 11.000000, 11.600000, 14.000000
29, 1, 15, 16, 1002, 7.087123, 12.902834, 28.631781, 0.000819, 0.010463, 0.033661, 0.669739, 0.678008, 0.691832, 11.000000, 12.600000, 15.000000
29, 1, 29, 16, 1002, 7.520299, 14.940254, 37.484867, 0.000900, 0.009651, 0.053143, 0.667151, 0.676469, 0.700354, 10.000000, 11.400000, 14.000000
29, 8, 1, 16, 1002, 4.119983, 14.901219, 53.673542, 0.004783, 0.071109, 0.354577, 0.530110, 0.646171, 0.716450, 9.000000, 9.000000, 9.000000
29, 8, 15, 16, 1002, 3.352993, 12.670075, 51.424511, 0.002597, 0.175597, 0.755118, 0.474688, 0.616302, 0.705467, 8.000000, 8.600000, 10.000000
29, 8, 29, 16, 1002, 3.432934, 14.776270, 79.614861, 0.002235, 0.058317, 0.408543, 0.502272, 0.640697, 0.688739, 9.000000, 9.400000, 10.000000
29, 15, 1, 16, 1002, 1.685543, 11.481007, 61.840397, 0.002969, 0.418787, 2.952009, 0.545954, 0.613448, 0.683752, 7.000000, 7.800000, 9.000000
29, 15, 15, 16, 1002, 2.205459, 13.800484, 60.263535, 0.003157, 0.135711, 0.786801, 0.467807, 0.620286, 0.686719, 7.000000, 8.800000, 11.000000
29, 15, 29, 16, 1002, 2.326391, 12.689446, 126.777786, 0.003834, 0.073608, 0.316484, 0.484598, 0.617525, 0.684320, 7.000000, 9.200000, 11.000000
29, 22, 1, 16, 1002, 2.167288, 9.892649, 77.859444, 0.005367, 0.308137, 0.869132, 0.520136, 0.592281, 0.661659, 7.000000, 7.600000, 8.000000
29, 22, 15, 16, 1002, 1.298090, 7.325436, 28.215111, 0.061726, 0.093135, 0.114689, 0.468501, 0.570305, 0.664689, 8.000000, 8.400000, 9.000000
29, 22, 29, 16, 1002, 1.590024, 15.347610, 72.896812, 0.009765, 0.166990, 0.659425, 0.501831, 0.590845, 0.665762, 7.000000, 7.800000, 9.000000
29, 29, 1, 16, 1002, 1.070820, 11.337313, 34.031895, 0.002169, 0.222952, 2.767239, 0.349072, 0.583003, 0.705340, 6.000000, 7.800000, 10.000000
29, 29, 15, 16, 1002, 0.202516, 7.154094, 24.097099, 0.014823, 0.202481, 0.989237, 0.341687, 0.532938, 0.669865, 6.000000, 7.000000, 8.000000
29, 29, 29, 16, 1002, 0.717248, 9.251688, 49.790813, 0.009589, 0.084032, 0.224970, 0.341687, 0.556556, 0.677566, 5.000000, 6.800000, 8.000000
42, 1, 1, 16, 1002, 4.752517, 8.289358, 17.336699, 0.001755, 0.012172, 0.025534, 0.668539, 0.675503, 0.682426, 28.000000, 29.200000, 31.000000
42, 1, 15, 16, 1002, 4.920164, 8.368543, 21.067879, 0.003135, 0.014370, 0.040589, 0.666014, 0.673515, 0.686656, 28.000000, 28.200000, 29.000000
42, 1, 29, 16, 1002, 5.294166, 8.538425, 16.409220, 0.001782, 0.015472, 0.051529, 0.668539, 0.673241, 0.680533, 28.000000, 28.000000, 28.000000
42, 11, 1, 16, 1002, 1.844651, 5.523653, 13.620628, 0.005245, 0.455036, 1.647572, 0.358477, 0.609655, 0.675230, 21.000000, 23.400000, 26.000000
42, 11, 15, 16, 1002, 1.865352, 8.128147, 23.953699, 0.004162, 0.106591, 0.730119, 0.478727, 0.628119, 0.695556, 23.000000, 24.600000, 26.000000
42, 11, 29, 16, 1002, 1.896632, 6.793559, 20.203968, 0.027863, 0.574478, 6.035670, 0.540399, 0.623491, 0.673842, 22.000000, 23.600000, 25.000000
42, 21, 1, 16, 1002, 2.317769, 7.740028, 69.415199, 0.011927, 0.272107, 1.004903, 0.499116, 0.618012, 0.681227, 20.000000, 21.400000, 24.000000
42, 21, 15, 16, 1002, 0.270867, 6.257773, 21.876291, 0.004984, 0.330999, 1.800585, 0.353933, 0.612468, 0.676240, 19.000000, 22.600000, 25.000000
42, 21, 29, 16, 1002, 1.785082, 6.088944, 30.194029, 0.022911, 0.231717, 1.158248, 0.564449, 0.612064, 0.671254, 21.000000, 23.000000, 25.000000
42, 31, 1, 16, 1002, 0.713412, 5.964472, 16.614672, 0.003533, 0.207760, 1.149260, 0.493183, 0.597245, 0.671822, 18.000000, 20.800000, 23.000000
42, 31, 15, 16, 1002, 1.368254, 7.056177, 22.190781, 0.009981, 0.143706, 0.702760, 0.450511, 0.573267, 0.674789, 20.000000, 21.200000, 22.000000
42, 31, 29, 16, 1002, 1.184193, 7.067751, 20.208252, 0.008505, 0.340321, 2.239721, 0.450006, 0.572149, 0.674220, 17.000000, 20.200000, 23.000000
42, 41, 1, 16, 1002, 0.342283, 5.660098, 33.895649, 0.024853, 1.028724, 5.569570, 0.341687, 0.535394, 0.663363, 11.000000, 16.600000, 20.000000
42, 41, 15, 16, 1002, 1.380905, 7.068127, 35.826729, 0.055600, 0.211968, 0.575853, 0.502083, 0.565983, 0.666519, 19.000000, 20.400000, 22.000000
42, 41, 29, 16, 1002, 0.136533, 3.879184, 20.312347, 0.014349, 0.122701, 0.273906, 0.341687, 0.528800, 0.671759, 11.000000, 14.600000, 18.000000
3, 1, 1, 64, 2, 31.830545, 191.993866, 5314.251465, 0.000129, 0.013555, 0.044618, 0.452153, 0.689422, 0.751547, 0.000000, 0.000000, 0.000000
3, 1, 15, 64, 2, 32.005741, 164.768082, 1183.891479, 0.000410, 0.014010, 0.044618, 0.501010, 0.695067, 0.754955, 0.000000, 0.000000, 0.000000
3, 1, 29, 64, 2, 32.520992, 190.581421, 5314.251465, 0.000129, 0.013755, 0.047711, 0.452153, 0.687122, 0.754955, 0.000000, 0.000000, 0.000000
3, 2, 1, 64, 2, 8.652467, 149.592606, 2875.954590, 0.001115, 0.026046, 0.118857, 0.341687, 0.605500, 0.750789, 0.000000, 0.000000, 0.000000
3, 2, 15, 64, 2, 10.138217, 139.095917, 2875.954590, 0.000825, 0.022481, 0.098339, 0.341687, 0.630675, 0.750789, 0.000000, 0.000000, 0.000000
3, 2, 29, 64, 2, 10.772907, 177.883087, 2875.954590, 0.000487, 0.020820, 0.080922, 0.341687, 0.615362, 0.745739, 0.000000, 0.000000, 0.000000
3, 3, 1, 64, 2, 9.814210, 103.250847, 652.865662, 0.001422, 0.025790, 0.091683, 0.341687, 0.539921, 0.750473, 0.000000, 0.000000, 0.000000
3, 3, 15, 64, 2, 9.814210, 109.254105, 883.120117, 0.000474, 0.023410, 0.094745, 0.341687, 0.537788, 0.743593, 0.000000, 0.000000, 0.000000
3, 3, 29, 64, 2, 9.814210, 87.468002, 475.875397, 0.001422, 0.023746, 0.063969, 0.341687, 0.513283, 0.750473, 0.000000, 0.000000, 0.000000
16, 1, 1, 64, 2, 11.666693, 30.100927, 92.917351, 0.000875, 0.007121, 0.034715, 0.661722, 0.688408, 0.722447, 0.000000, 0.000000, 0.000000
16, 1, 15, 64, 2, 11.666693, 28.437973, 83.410500, 0.001008, 0.006661, 0.034715, 0.661911, 0.690330, 0.729769, 0.000000, 0.000000, 0.000000
16, 1, 29, 64, 2, 11.196730, 28.774881, 153.645126, 0.000697, 0.006580, 0.034715, 0.665825, 0.689152, 0.713041, 0.000000, 0.200000, 1.000000
16, 4, 1, 64, 2, 10.182897, 37.575413, 160.617157, 0.001186, 0.040188, 0.639863, 0.567921, 0.660989, 0.718659, 0.000000, 0.000000, 0.000000
16, 4, 15, 64, 2, 5.110980, 35.116367, 191.200882, 0.001288, 0.034009, 0.337218, 0.555359, 0.656984, 0.718659, 0.000000, 0.000000, 0.000000
16, 4, 29, 64, 2, 8.668884, 36.042908, 127.331902, 0.000977, 0.035446, 0.268282, 0.593359, 0.663836, 0.726928, 0.000000, 0.000000, 0.000000
16, 7, 1, 64, 2, 4.546657, 30.594330, 138.037979, 0.003159, 0.092580, 1.004043, 0.541093, 0.635314, 0.709633, 0.000000, 0.000000, 0.000000
16, 7, 15, 64, 2, 3.295251, 28.515274, 112.121193, 0.003325, 0.070938, 0.681293, 0.516475, 0.636114, 0.708244, 0.000000, 0.000000, 0.000000
16, 7, 29, 64, 2, 5.525362, 29.947018, 186.903458, 0.001102, 0.083998, 0.628617, 0.541093, 0.641180, 0.735387, 0.000000, 0.000000, 0.000000
16, 10, 1, 64, 2, 3.139658, 21.922262, 148.357849, 0.002661, 0.101996, 0.579263, 0.503093, 0.623170, 0.706855, 0.000000, 0.000000, 0.000000
16, 10, 15, 64, 2, 0.749021, 29.389948, 269.602020, 0.001683, 0.063479, 0.738419, 0.489585, 0.629975, 0.736271, 0.000000, 0.200000, 1.000000
16, 10, 29, 64, 2, 0.749021, 29.278225, 119.316620, 0.001084, 0.051275, 0.620142, 0.487123, 0.636194, 0.716008, 0.000000, 0.000000, 0.000000
16, 13, 1, 64, 2, 1.615391, 24.403280, 114.019753, 0.001865, 0.037474, 0.564643, 0.376026, 0.608397, 0.702752, 0.000000, 0.000000, 0.000000
16, 13, 15, 64, 2, 2.520969, 22.400747, 67.578003, 0.001865, 0.041195, 0.382609, 0.461432, 0.610045, 0.702752, 0.000000, 0.000000, 0.000000
16, 13, 29, 64, 2, 3.565667, 24.381611, 133.496109, 0.002216, 0.052576, 0.693230, 0.432774, 0.607001, 0.731221, 0.000000, 0.000000, 0.000000
16, 16, 1, 64, 2, 2.531774, 23.522882, 138.831375, 0.001521, 0.179969, 1.354459, 0.341687, 0.582918, 0.717712, 0.000000, 0.000000, 0.000000
16, 16, 15, 64, 2, 2.531774, 22.612837, 122.101295, 0.001964, 0.164982, 1.354459, 0.341687, 0.592050, 0.717712, 0.000000, 0.000000, 0.000000
16, 16, 29, 64, 2, 3.299931, 25.053789, 113.873154, 0.002438, 0.139917, 1.354459, 0.357846, 0.591355, 0.717712, 0.000000, 0.000000, 0.000000
29, 1, 1, 64, 2, 7.658494, 13.898222, 46.332977, 0.001184, 0.009959, 0.029406, 0.670054, 0.677640, 0.688865, 0.000000, 0.000000, 0.000000
29, 1, 15, 64, 2, 7.667917, 14.021790, 43.667427, 0.000752, 0.010358, 0.029406, 0.669044, 0.678029, 0.692211, 0.000000, 0.000000, 0.000000
29, 1, 29, 64, 2, 7.530104, 14.503006, 33.096745, 0.000752, 0.008913, 0.033346, 0.667782, 0.679013, 0.700227, 0.000000, 0.200000, 1.000000
29, 8, 1, 64, 2, 5.225411, 15.004725, 35.572979, 0.002117, 0.099011, 1.463729, 0.601629, 0.649310, 0.688486, 0.000000, 0.000000, 0.000000
29, 8, 15, 64, 2, 5.225411, 17.420589, 117.160439, 0.001720, 0.070898, 0.548501, 0.564765, 0.650933, 0.694672, 0.000000, 0.200000, 1.000000
29, 8, 29, 64, 2, 3.874403, 17.084370, 72.576157, 0.001302, 0.079738, 0.710080, 0.600051, 0.648252, 0.686277, 0.000000, 0.000000, 0.000000
29, 15, 1, 64, 2, 2.542317, 12.886946, 50.311943, 0.002659, 0.168732, 1.472858, 0.531372, 0.626203, 0.696377, 0.000000, 0.000000, 0.000000
29, 15, 15, 64, 2, 2.587625, 16.476116, 146.494675, 0.001247, 0.139878, 1.764514, 0.531372, 0.625378, 0.696566, 0.000000, 0.200000, 1.000000
29, 15, 29, 64, 2, 2.760392, 14.299731, 59.175041, 0.004592, 0.148759, 1.764514, 0.534150, 0.627153, 0.674347, 0.000000, 0.000000, 0.000000
29, 22, 1, 64, 2, 1.397062, 12.763796, 74.896156, 0.004679, 0.207315, 2.224022, 0.465282, 0.603198, 0.694294, 0.000000, 0.200000, 1.000000
29, 22, 15, 64, 2, 2.458265, 14.781237, 74.896156, 0.007288, 0.138943, 0.653401, 0.485734, 0.607271, 0.679523, 0.000000, 0.000000, 0.000000
29, 22, 29, 64, 2, 1.397062, 14.623225, 109.301910, 0.001768, 0.107181, 1.050665, 0.455624, 0.597607, 0.724151, 0.000000, 0.000000, 0.000000
29, 29, 1, 64, 2, 0.639434, 11.094668, 110.895531, 0.002662, 0.231141, 3.060328, 0.341687, 0.579454, 0.698586, 0.000000, 0.200000, 1.000000
29, 29, 15, 64, 2, 0.639434, 10.361388, 65.043098, 0.007147, 0.334089, 3.060328, 0.341687, 0.567629, 0.678702, 0.000000, 0.000000, 0.000000
29, 29, 29, 64, 2, 0.589290, 10.170317, 65.043098, 0.007147, 0.232363, 3.060328, 0.341687, 0.569186, 0.678702, 0.000000, 0.000000, 0.000000
42, 1, 1, 64, 2, 4.940370, 8.458662, 25.051537, 0.001709, 0.012030, 0.032127, 0.666456, 0.673883, 0.687034, 0.000000, 0.200000, 1.000000
42, 1, 15, 64, 2, 4.756917, 8.884903, 24.166708, 0.001241, 0.011665, 0.038716, 0.667782, 0.674190, 0.687161, 1.000000, 0.400000, 1.000000
42, 1, 29, 64, 2, 5.272438, 9.371350, 20.676941, 0.000735, 0.010952, 0.032575, 0.668476, 0.675213, 0.692842, 1.000000, 0.200000, 1.000000
42, 11, 1, 64, 2, 2.676913, 8.298933, 40.672684, 0.002218, 0.184888, 1.477689, 0.598157, 0.641171, 0.682868, 0.000000, 0.200000, 1.000000
42, 11, 15, 64, 2, 2.191633, 9.925656, 40.672684, 0.002624, 0.105813, 1.669655, 0.602954, 0.650426, 0.690127, 0.000000, 0.200000, 1.000000
42, 11, 29, 64, 2, 2.758138, 9.542397, 54.099815, 0.005056, 0.122315, 1.669655, 0.600492, 0.648773, 0.687603, 0.000000, 0.200000, 1.000000
42, 21, 1, 64, 2, 1.762204, 7.982310, 29.202246, 0.003173, 0.336356, 3.960948, 0.524681, 0.626555, 0.679207, 0.000000, 0.200000, 1.000000
42, 21, 15, 64, 2, 2.460829, 8.576900, 33.559040, 0.004149, 0.177596, 2.273954, 0.508774, 0.630325, 0.686719, 0.000000, 0.200000, 1.000000
42, 21, 29, 64, 2, 1.486671, 7.692683, 45.530125, 0.002621, 0.255079, 2.273954, 0.523166, 0.617144, 0.678134, 0.000000, 0.200000, 1.000000
42, 31, 1, 64, 2, 1.086445, 6.923585, 43.708134, 0.009423, 0.440636, 3.466897, 0.471721, 0.588384, 0.674157, 0.000000, 0.200000, 1.000000
42, 31, 15, 64, 2, 1.980368, 7.122108, 23.545654, 0.009245, 0.221393, 1.235951, 0.466986, 0.583055, 0.686214, 1.000000, 0.200000, 1.000000
42, 31, 29, 64, 2, 1.537964, 8.516266, 45.495602, 0.003896, 0.277871, 3.840210, 0.443252, 0.602501, 0.683815, 1.000000, 0.200000, 1.000000
42, 41, 1, 64, 2, 1.587764, 6.802925, 18.560953, 0.010494, 0.222213, 1.659503, 0.402727, 0.586964, 0.674725, 0.000000, 0.000000, 0.000000
42, 41, 15, 64, 2, 0.466198, 7.225864, 23.790585, 0.006954, 0.136674, 1.659503, 0.346484, 0.577662, 0.678197, 0.000000, 0.200000, 1.000000
42, 41, 29, 64, 2, 0.202132, 7.010620, 33.591801, 0.009448, 0.253704, 3.078168, 0.349514, 0.579699, 0.678197, 0.000000, 0.200000, 1.000000
3, 1, 1, 64, 502, 29.255159, 119.887756, 874.730774, 0.000502, 0.015313, 0.053439, 0.395278, 0.687134, 0.759374, 0.000000, 0.600000, 1.000000
3, 1, 15, 64, 502, 30.193336, 222.737717, 4298.262695, 0.000165, 0.013652, 0.052225, 0.346484, 0.684810, 0.755965, 1.000000, 0.800000, 1.000000
3, 1, 29, 64, 502, 27.630533, 213.775970, 7767.798340, 0.000128, 0.015656, 0.050033, 0.452594, 0.694478, 0.754955, 1.000000, 0.800000, 1.000000
3, 2, 1, 64, 502, 8.630484, 176.871964, 2793.497803, 0.000210, 0.017916, 0.088269, 0.341687, 0.518848, 0.743593, 1.000000, 0.600000, 1.000000
3, 2, 15, 64, 502, 11.335819, 108.559853, 1026.701538, 0.000702, 0.022526, 0.099133, 0.341687, 0.480783, 0.757480, 1.000000, 0.800000, 1.000000
3, 2, 29, 64, 502, 9.184608, 125.477608, 1594.053223, 0.000321, 0.021648, 0.107522, 0.341687, 0.452747, 0.739742, 1.000000, 1.000000, 1.000000
3, 3, 1, 64, 502, 8.949251, 129.683716, 3867.583984, 0.000163, 0.019682, 0.087145, 0.341687, 0.505919, 0.749085, 0.000000, 0.600000, 1.000000
3, 3, 15, 64, 502, 9.181031, 101.604881, 1952.578491, 0.000126, 0.022090, 0.099532, 0.341687, 0.483273, 0.756975, 0.000000, 0.800000, 1.000000
3, 3, 29, 64, 502, 12.653565, 110.368248, 1368.110352, 0.000547, 0.025186, 0.127631, 0.341687, 0.470688, 0.745676, 1.000000, 1.000000, 1.000000
16, 1, 1, 64, 502, 9.898825, 23.349453, 106.148529, 0.001106, 0.010348, 0.070790, 0.667719, 0.688418, 0.724025, 4.000000, 4.600000, 5.000000
16, 1, 15, 64, 502, 8.599626, 21.215406, 100.558182, 0.001305, 0.013035, 0.069824, 0.662795, 0.685242, 0.706413, 4.000000, 4.400000, 5.000000
16, 1, 29, 64, 502, 9.266272, 20.515446, 105.395355, 0.000787, 0.011099, 0.040452, 0.658061, 0.684427, 0.731473, 4.000000, 4.600000, 5.000000
16, 4, 1, 64, 502, 0.424077, 17.277130, 318.630707, 0.003008, 0.068837, 0.481025, 0.366684, 0.648023, 0.748895, 3.000000, 3.800000, 4.000000
16, 4, 15, 64, 502, 0.452000, 17.728466, 163.439148, 0.001400, 0.143385, 1.537963, 0.341687, 0.605239, 0.721815, 3.000000, 3.800000, 4.000000
16, 4, 29, 64, 502, 0.742930, 13.057387, 128.745987, 0.001009, 0.106344, 0.764519, 0.341687, 0.613783, 0.741573, 4.000000, 4.000000, 4.000000
16, 7, 1, 64, 502, 0.538334, 14.367816, 129.537201, 0.003092, 0.070789, 0.482393, 0.404557, 0.628509, 0.741826, 3.000000, 3.400000, 4.000000
16, 7, 15, 64, 502, 0.548262, 18.906223, 254.572968, 0.001791, 0.085143, 0.634222, 0.341687, 0.598287, 0.728191, 3.000000, 3.600000, 4.000000
16, 7, 29, 64, 502, 1.001705, 12.103151, 189.038254, 0.001691, 0.046436, 0.187131, 0.341687, 0.641617, 0.733746, 3.000000, 3.600000, 4.000000
16, 10, 1, 64, 502, 0.353249, 15.390645, 165.034485, 0.003909, 0.093408, 0.533785, 0.341687, 0.594036, 0.719290, 3.000000, 3.800000, 4.000000
16, 10, 15, 64, 502, 0.700723, 15.747923, 221.272339, 0.001800, 0.110662, 0.578452, 0.341687, 0.581651, 0.730085, 3.000000, 3.600000, 4.000000
16, 10, 29, 64, 502, 0.802647, 16.204304, 609.361511, 0.002869, 0.062486, 0.461403, 0.375836, 0.614996, 0.736902, 3.000000, 3.400000, 4.000000
16, 13, 1, 64, 502, 0.550024, 12.281822, 111.959969, 0.005490, 0.134008, 0.832256, 0.341687, 0.556969, 0.742962, 3.000000, 3.200000, 4.000000
16, 13, 15, 64, 502, 0.542837, 14.679799, 301.385834, 0.002863, 0.064819, 0.723037, 0.341687, 0.587583, 0.731915, 3.000000, 3.200000, 4.000000
