					BDI			DI			Rand			Time		
medoidy	klastry	s¹siedzi	populacja	kroki	min	mean	max	min	mean	max	min	mean	max	min	mean	max
3	1	1	4	2	46,278385	98,644836	656,971497	0,001171	0,018695	0,037088	0,458423	0,495574	0,581624	0	17,8	89
3	1	15	4	2	46,278385	66,300407	103,243134	0,002865	0,020866	0,037088	0,458423	0,497692	0,581624	0	0	0
3	1	29	4	2	46,278385	66,300407	103,243134	0,002865	0,020866	0,037088	0,458423	0,497692	0,581624	0	0	0
3	2	1	4	2	40,630363	63,648659	104,464767	0,023554	0,023554	0,023554	0,473727	0,554255	0,617539	0	0	0
3	2	15	4	2	40,630363	63,648659	104,464767	0,023554	0,023554	0,023554	0,473727	0,554255	0,617539	0	0	0
3	2	29	4	2	40,630363	63,648659	104,464767	0,023554	0,023554	0,023554	0,473727	0,554255	0,617539	0	0	0
3	3	1	4	2	19,404146	41,261276	77,051575	0,078997	0,078997	0,078997	0,506173	0,56697	0,594327	0	0	0
3	3	15	4	2	19,404146	41,261276	77,051575	0,078997	0,078997	0,078997	0,506173	0,56697	0,594327	0	0	0
3	3	29	4	2	19,404146	41,261276	77,051575	0,078997	0,078997	0,078997	0,506173	0,56697	0,594327	0	0	0
18	1	1	4	2	22,5075	29,738041	42,993179	0,00409	0,007428	0,015584	0,387154	0,392715	0,397561	0	0	0
18	1	15	4	2	22,5075	29,738041	42,993179	0,00409	0,007428	0,015584	0,387154	0,392715	0,397561	0	0	0
18	1	29	4	2	25,977982	31,837765	43,103115	0,002005	0,005199	0,006781	0,382971	0,389029	0,396235	0	0	0
18	5	1	4	2	19,096684	25,496075	32,824585	0,011676	0,01766	0,023696	0,385165	0,400865	0,408581	0	0	0
18	5	15	4	2	19,096684	25,496075	32,824585	0,011676	0,01766	0,023696	0,385165	0,400865	0,408581	0	0	0
18	5	29	4	2	19,096684	25,496075	32,824585	0,011676	0,01766	0,023696	0,385165	0,400865	0,408581	0	0	0
18	9	1	4	2	16,58687	22,02454	30,443739	0,005568	0,033819	0,069079	0,394654	0,421936	0,438068	0	0	0
18	9	15	4	2	16,58687	22,46439	30,443739	0,005568	0,033037	0,050811	0,415417	0,42312	0,438068	0	0	0
18	9	29	4	2	16,58687	22,02454	30,443739	0,005568	0,033819	0,069079	0,394654	0,421936	0,438068	0	0	0
18	13	1	4	2	17,73814	28,620407	38,789333	0,027829	0,03275	0,037672	0,405214	0,433145	0,469136	0	0	0
18	13	15	4	2	11,886612	24,572199	38,789333	0,027829	0,032587	0,037672	0,405214	0,445312	0,500204	0	0	0
18	13	29	4	2	17,73814	28,620407	38,789333	0,027829	0,03275	0,037672	0,405214	0,433145	0,469136	0	0	0
18	17	1	4	2	7,809046	15,685308	22,836775	0,017315	0,045382	0,07345	0,401286	0,45855	0,503724	0	0	0
18	17	15	4	2	7,809046	15,685308	22,836775	0,017315	0,045382	0,07345	0,401286	0,45855	0,503724	0	0	0
18	17	29	4	2	11,276114	20,127319	23,702141	0,024775	0,043527	0,07345	0,394705	0,413287	0,435058	0	0	0
33	1	1	4	2	11,191141	13,573367	15,609442	0,006781	0,00989	0,014538	0,379247	0,38051	0,381696	0	0	0
33	1	15	4	2	11,191141	13,573367	15,609442	0,006781	0,00989	0,014538	0,379247	0,38051	0,381696	0	0	0
33	1	29	4	2	11,191141	13,573367	15,609442	0,006781	0,00989	0,014538	0,379247	0,38051	0,381696	0	0	0
33	9	1	4	2	5,484533	11,28087	15,294944	0,073023	0,116047	0,256412	0,403224	0,408244	0,413631	0	0,2	1
33	9	15	4	2	8,403343	9,097116	9,462735	0,063428	0,123594	0,245793	0,403224	0,409206	0,411897	0	0	0
33	9	29	4	2	8,403343	9,097116	9,462735	0,063428	0,123594	0,245793	0,403224	0,409206	0,411897	0	0	0
33	17	1	4	2	5,310536	11,355242	27,526207	0,027445	0,143715	0,357798	0,396592	0,422087	0,46383	0	0	0
33	17	15	4	2	5,310536	11,355242	27,526207	0,027445	0,143715	0,357798	0,396592	0,422087	0,46383	0	0	0
33	17	29	4	2	5,310536	11,355242	27,526207	0,027445	0,143715	0,357798	0,396592	0,422087	0,46383	0	0	0
33	25	1	4	2	8,101247	9,246674	11,118685	0	0	0	0,413274	0,451548	0,501275	0	0	0
33	25	15	4	2	5,618356	9,992323	15,992536	0	0	0	0,413274	0,474123	0,522498	0	0	0
33	25	29	4	2	5,618356	9,992323	15,992536	0	0	0	0,413274	0,474123	0,522498	0	0	0
33	33	1	4	2	4,534013	9,737137	14,406827	0	0	0	0,437761	0,46221	0,496582	0	0	0
33	33	15	4	2	4,534013	11,354261	22,575569	0,018348	0,028198	0,038048	0,382563	0,446462	0,496582	0	0	0
33	33	29	4	2	4,534013	9,737137	14,406827	0	0	0	0,437761	0,46221	0,496582	0	0	0
48	1	1	4	2	7,189209	8,395117	10,432325	0,009795	0,018073	0,03775	0,374043	0,37539	0,377819	0	0,2	1
48	1	15	4	2	7,32123	8,141247	9,328618	0,011565	0,014539	0,019073	0,375472	0,376416	0,377819	0	0	0
48	1	29	4	2	7,32123	8,141247	9,328618	0,011565	0,014539	0,019073	0,375472	0,376416	0,377819	0	0	0
48	12	1	4	2	7,120103	8,038576	8,992074	0,011565	0,065358	0,156869	0,376441	0,388723	0,402714	0	0	0
48	12	15	4	2	7,120103	8,038576	8,992074	0,011565	0,065358	0,156869	0,376441	0,388723	0,402714	0	0	0
48	12	29	4	2	4,519815	7,749046	9,888628	0,011565	0,048362	0,119434	0,375676	0,387167	0,40302	0	0,2	1
48	23	1	4	2	4,160539	7,666585	9,847157	0,018683	0,139101	0,387689	0,378431	0,409091	0,448016	0	0	0
48	23	15	4	2	3,149388	5,56292	7,781435	0,387689	0,387689	0,387689	0,41154	0,430288	0,448016	0	0	0
48	23	29	4	2	3,149388	5,56292	7,781435	0,387689	0,387689	0,387689	0,41154	0,430288	0,448016	0	0	0
48	34	1	4	2	3,276654	9,278902	16,940092	0,496052	0,496052	0,496052	0,402255	0,424964	0,460463	0	0,2	1
48	34	15	4	2	3,276654	7,672445	16,68354	0	0	0	0,446893	0,454737	0,460463	0	0	0
48	34	29	4	2	3,276654	7,672445	16,68354	0	0	0	0,446893	0,454737	0,460463	0	0	0
48	45	1	4	2	5,268981	6,529797	8,002973	0,297455	0,297455	0,297455	0,419549	0,421679	0,427201	0	0	0
48	45	15	4	2	5,268981	6,529797	8,002973	0,297455	0,297455	0,297455	0,419549	0,421679	0,427201	0	0	0
48	45	29	4	2	3,460411	5,122858	5,936667	0	0	0	0,420059	0,447901	0,466279	0	0	0
3	1	1	4	502	53,462677	322,529236	603,668518	0,001923	0,005288	0,023037	0,463422	0,506247	0,584532	0	0,2	1
3	1	15	4	502	86,282684	158,437897	187,749649	0,005747	0,008085	0,014509	0,507346	0,530698	0,542649	0	0	0
3	1	29	4	502	60,410553	152,465439	187,749649	0,005747	0,008673	0,017493	0,505102	0,528821	0,542649	1	0,2	1
3	2	1	4	502	72,126709	103,843407	154,351929	0,005001	0,009163	0,013834	0,457912	0,504477	0,526732	0	0	0
3	2	15	4	502	72,126709	103,843407	154,351929	0,005001	0,009163	0,013834	0,457912	0,504477	0,526732	0	0	0
3	2	29	4	502	67,925461	112,262268	292,675934	0,002825	0,009126	0,015195	0,455362	0,474049	0,516376	1	0,2	1
3	3	1	4	502	47,291714	95,429886	211,449753	0	0	0	0,500204	0,532739	0,585757	0	0	0
3	3	15	4	502	47,291714	95,429886	211,449753	0	0	0	0,500204	0,532739	0,585757	0	0	0
3	3	29	4	502	37,980877	87,696762	173,174438	0,047713	0,047713	0,047713	0,500204	0,524278	0,549026	1	0,2	1
18	1	1	4	502	19,860346	25,228741	29,574928	0,003338	0,006077	0,016199	0,382359	0,38943	0,396643	1	0,6	1
18	1	15	4	502	15,458256	25,70573	42,951805	0,002192	0,009034	0,020407	0,382512	0,392488	0,409652	0	0,6	1
18	1	29	4	502	18,912638	29,164032	39,237667	0,002351	0,007631	0,014551	0,382869	0,395271	0,411642	1	0,8	1
18	5	1	4	502	15,021645	27,766422	81,284073	0,013447	0,067476	0,348648	0,408479	0,431834	0,476533	1	0,6	1
18	5	15	4	502	10,996339	23,811913	57,901012	0,009272	0,02529	0,070778	0,383379	0,401722	0,416182	0	0,6	1
18	5	29	4	502	9,356774	29,414312	55,509937	0,005567	0,020186	0,050697	0,384502	0,409037	0,423018	1	0,8	1
18	9	1	4	502	13,749614	45,88195	293,483704	0,003939	0,022219	0,096782	0,393786	0,429655	0,492144	1	0,6	1
18	9	15	4	502	8,123987	20,75643	42,00787	0,005513	0,073549	0,259539	0,394041	0,42904	0,468269	0	0,6	1
18	9	29	4	502	8,31375	28,998999	75,710991	0,008501	0,095336	0,316076	0,393276	0,435841	0,474492	0	0,6	1
18	13	1	4	502	8,877808	21,548262	64,181641	0,014845	0,080672	0,353957	0,392205	0,434953	0,49801	0	0,6	1
18	13	15	4	502	16,880707	29,094433	46,400776	0,023492	0,035467	0,066882	0,424906	0,448199	0,464646	1	0,6	1
18	13	29	4	502	8,160526	32,584087	100,19651	0,006722	0,018063	0,042699	0,389042	0,474548	0,555556	1	0,6	1
18	17	1	4	502	4,15147	17,276054	38,182426	0,01888	0,215172	0,566538	0,396082	0,464539	0,522294	1	0,6	1
18	17	15	4	502	3,341746	18,49017	52,478203	0,024049	0,075434	0,126818	0,414754	0,47764	0,562902	0	0,4	1
18	17	29	4	502	9,842545	22,257919	115,075905	0,006319	0,083361	0,289756	0,387511	0,451421	0,547189	0	0,6	1
33	1	1	4	502	9,376054	12,328239	15,415156	0,003339	0,015691	0,032739	0,374554	0,378989	0,383073	3	3,6	4
33	1	15	4	502	11,122274	14,301605	18,516386	0,003685	0,009988	0,020796	0,375574	0,378273	0,38343	3	3,2	4
33	1	29	4	502	8,787822	13,473608	21,039263	0,002356	0,008904	0,015169	0,375064	0,378617	0,382053	3	3,4	4
33	9	1	4	502	6,018839	16,536236	36,616871	0,005239	0,086136	0,414432	0,376237	0,400459	0,441792	2	3	4
33	9	15	4	502	6,886767	16,236048	38,665035	0,006776	0,063829	0,484454	0,38593	0,413185	0,436027	2	2,8	3
33	9	29	4	502	4,433423	13,229741	27,088549	0,005318	0,100999	0,377517	0,379196	0,402829	0,426283	3	3,2	4
33	17	1	4	502	5,052602	20,54813	101,437378	0,019291	0,074713	0,281375	0,389705	0,429854	0,476941	2	2,6	3
33	17	15	4	502	4,2796	12,344648	24,261488	0,006164	0,278055	1,074734	0,375217	0,417825	0,491276	3	3	3
33	17	29	4	502	5,258358	9,71939	17,000723	0,010675	0,034023	0,055214	0,377359	0,435665	0,486277	2	2,8	3
33	25	1	4	502	2,193897	11,192502	23,059797	0,019408	0,053042	0,139061	0,391134	0,440488	0,51306	2	2,6	3
33	25	15	4	502	4,845953	13,411848	38,454208	0,010977	0,039078	0,051443	0,394041	0,460203	0,504234	2	2,6	3
33	25	29	4	502	3,6734	9,609139	25,135933	0,025272	0,125252	0,270676	0,397051	0,446368	0,509999	2	2,6	3
33	33	1	4	502	2,623906	10,941678	18,903543	0,014391	0,051865	0,147327	0,385828	0,426084	0,589991	2	2,6	3
33	33	15	4	502	3,355728	12,299235	27,325861	0,006592	0,03964	0,091659	0,38695	0,456481	0,549026	2	2,6	3
33	33	29	4	502	6,529728	11,285823	50,517582	0,036365	0,133773	0,273887	0,399602	0,445381	0,519539	2	2,4	3
48	1	1	4	502	7,738267	9,504267	12,328021	0,005482	0,010008	0,019781	0,37185	0,374911	0,37889	9	9,8	10
48	1	15	4	502	7,08542	8,231485	12,500935	0,006999	0,015304	0,027389	0,372972	0,375051	0,378635	9	9,6	10
48	1	29	4	502	7,416874	9,691553	16,203625	0,003698	0,012971	0,025232	0,373176	0,375235	0,380216	9	9,8	10
48	12	1	4	502	3,60598	9,009377	13,833338	0,007941	0,089122	0,253553	0,381186	0,400201	0,429701	8	9,2	10
48	12	15	4	502	3,778607	13,058652	56,455242	0,0087	0,063103	0,180585	0,384451	0,400982	0,426691	8	9,2	10
48	12	29	4	502	3,342676	8,553761	17,700565	0,011185	0,067295	0,292947	0,376696	0,393894	0,413886	8	9	10
48	23	1	4	502	4,409399	6,584872	15,334208	0,054657	0,222264	0,597765	0,390981	0,425607	0,503265	7	8	9
48	23	15	4	502	2,438071	8,626332	20,802349	0,012666	0,133744	0,395882	0,3819	0,40954	0,446689	7	8,2	10
48	23	29	4	502	3,387671	6,918116	13,165302	0,031104	0,108191	0,271569	0,379706	0,419804	0,445771	8	8,2	9
48	34	1	4	502	1,999966	7,051996	21,733061	0,012551	0,17203	0,305557	0,377257	0,453859	0,593409	6	7	8
48	34	15	4	502	3,921727	7,046746	16,420687	0,051876	0,163964	0,332997	0,39399	0,430005	0,526987	7	7,6	9
48	34	29	4	502	3,26377	7,912443	16,820341	0,014472	0,080846	0,16657	0,373839	0,416529	0,461279	6	8	10
48	45	1	4	502	3,714106	6,420556	11,42051	0,043826	0,134272	0,281961	0,379298	0,441975	0,485359	6	7,6	9
48	45	15	4	502	2,392062	5,039233	11,475341	0	0	0	0,435619	0,488499	0,632691	6	6,2	7
48	45	29	4	502	2,25358	8,528729	22,663126	0,027548	0,134783	0,302682	0,389144	0,445944	0,517804	6	7,4	8
3	1	1	4	1002	55,48053	121,85466	233,863403	0,002467	0,010358	0,024311	0,455311	0,486264	0,52913	1	0,2	1
3	1	15	4	1002	65,61422	190,084717	536,356445	0,001404	0,011253	0,017625	0,457351	0,490141	0,514743	0	0	0
3	1	29	4	1002	93,706856	265,86264	526,619446	0,001435	0,005946	0,011166	0,468371	0,50238	0,531374	0	0,2	1
3	2	1	4	1002	73,11348	102,455971	112,236786	0,005174	0,012133	0,014452	0,456892	0,517116	0,53719	0	0	0
3	2	15	4	1002	30,488062	81,22216	150,618942	0,005174	0,027735	0,0343	0,456892	0,562461	0,643302	0	0,2	1
3	2	29	4	1002	24,776096	103,692467	213,931229	0,010606	0,014176	0,028452	0,461892	0,55502	0,637945	0	0,2	1
3	3	1	4	1002	41,639992	88,239967	213,931229	0,010433	0,010433	0,010433	0,517804	0,604665	0,637945	0	0,2	1
3	3	15	4	1002	161,17186	161,17186	161,17186	0,039249	0,039249	0,039249	0,511478	0,625299	0,637945	0	0,2	1
3	3	29	4	1002	22,177485	58,943401	103,724754	0,011927	0,038919	0,064991	0,505102	0,58595	0,637945	0	0,2	1
18	1	1	4	1002	14,128915	25,269903	36,515423	0,005277	0,011842	0,026655	0,38593	0,390345	0,397612	1	1,6	2
18	1	15	4	1002	15,1818	24,208553	40,252254	0,002018	0,010067	0,029126	0,384655	0,389578	0,397715	1	2,2	5
18	1	29	4	1002	16,482378	28,073507	74,372025	0,001198	0,007965	0,022463	0,384961	0,390654	0,404091	1	3,6	11
18	5	1	4	1002	11,818172	37,4305	121,673653	0,004787	0,025548	0,075231	0,388328	0,408601	0,465769	1	3	8
18	5	15	4	1002	17,482723	32,565559	54,254406	0,003627	0,016713	0,045315	0,387818	0,402423	0,421488	1	1,8	3
18	5	29	4	1002	10,535192	24,699852	84,388191	0,004966	0,034615	0,113089	0,387154	0,411114	0,431436	1	1,4	2
18	9	1	4	1002	6,754868	21,926344	30,450214	0,012292	0,054716	0,194324	0,387307	0,446225	0,507346	1	1,2	2
18	9	15	4	1002	8,573701	27,512741	163,750717	0,005189	0,045753	0,307745	0,391032	0,431892	0,48393	1	1,4	2
18	9	29	4	1002	15,980135	28,340565	63,414734	0,007861	0,068392	0,311876	0,396694	0,425806	0,4824	1	1,6	2
18	13	1	4	1002	8,031521	22,522997	57,880535	0,005713	0,041575	0,099016	0,394909	0,449793	0,570656	1	1,6	2
18	13	15	4	1002	9,434645	29,133667	75,319138	0,012213	0,023352	0,056739	0,382869	0,453882	0,500255	1	1,2	2
18	13	29	4	1002	6,961655	23,970747	54,750965	0,008342	0,044782	0,143558	0,388277	0,465896	0,515049	1	1,2	2
18	17	1	4	1002	4,8139	17,387501	41,114059	0,002214	0,087344	0,19216	0,383583	0,471949	0,598	1	1,4	2
18	17	15	4	1002	4,49173	23,486332	59,854034	0,007053	0,074807	0,246935	0,402255	0,461884	0,542904	1	1,2	2
18	17	29	4	1002	7,069286	16,826206	38,422703	0,024	0,241458	0,870493	0,407254	0,477724	0,562494	1	1,8	3
33	1	1	4	1002	10,273553	14,033701	17,810753	0,0062	0,011675	0,020742	0,376747	0,381033	0,387971	6	7,2	8
33	1	15	4	1002	9,404617	16,181429	46,151917	0,003075	0,010135	0,024531	0,375217	0,379696	0,39047	6	7	8
33	1	29	4	1002	9,299415	13,437508	26,753143	0,002162	0,011598	0,017949	0,375166	0,38016	0,384655	7	8,2	12
33	9	1	4	1002	7,208936	12,606539	27,467201	0,014361	0,063262	0,178647	0,38139	0,410132	0,439394	5	6	7
33	9	15	4	1002	8,70403	16,469515	33,368618	0,004893	0,055965	0,264034	0,379502	0,400576	0,437506	5	6,2	7
33	9	29	4	1002	8,002583	17,649706	68,286804	0,004274	0,043981	0,116337	0,378278	0,393807	0,416539	6	6,2	7
33	17	1	4	1002	6,328123	14,134295	49,998199	0,005676	0,077321	0,239425	0,380828	0,419835	0,46934	5	5,8	6
33	17	15	4	1002	4,732048	17,017492	35,06966	0,008218	0,047731	0,119046	0,387409	0,414777	0,467503	5	5,8	7
33	17	29	4	1002	4,575789	10,495024	22,323021	0,014472	0,162385	0,869043	0,378431	0,425472	0,50102	5	5,4	7
33	25	1	4	1002	5,520467	11,051702	29,318802	0,00861	0,159184	0,95177	0,383532	0,434027	0,503265	5	5,4	6
33	25	15	4	1002	5,962978	11,724868	33,364582	0,034707	0,096456	0,169738	0,404295	0,455153	0,545914	4	4,8	6
33	25	29	4	1002	7,940213	13,16275	23,116327	0,010377	0,042969	0,087269	0,378227	0,423436	0,491072	5	5,6	6
33	33	1	4	1002	3,427787	6,833076	14,949088	0,060353	0,119402	0,191106	0,400775	0,456946	0,585757	3	4,8	6
33	33	15	4	1002	4,308235	13,214358	67,762276	0,024639	0,179918	0,682088	0,383328	0,453995	0,558974	4	5	6
33	33	29	4	1002	4,0879	12,647134	31,32192	0,015707	0,100241	0,224976	0,387103	0,440935	0,51959	4	5,2	6
48	1	1	4	1002	7,318961	9,714719	16,114632	0,002168	0,014275	0,037588	0,372105	0,375538	0,381237	19	19,8	21
48	1	15	4	1002	6,390148	8,684328	11,459129	0,003774	0,011182	0,02045	0,372258	0,373661	0,376441	19	19,8	21
48	1	29	4	1002	7,039862	7,818537	11,674385	0,008404	0,019648	0,029698	0,37287	0,374658	0,377819	19	19,8	21
48	12	1	4	1002	4,228835	8,084867	16,273903	0,013178	0,137447	0,774022	0,378941	0,405158	0,452811	17	17,8	19
48	12	15	4	1002	5,983136	9,344759	18,239645	0,01619	0,08365	0,490805	0,376696	0,395552	0,427762	17	18,4	20
48	12	29	4	1002	2,136238	6,30641	13,21703	0,044737	0,161645	0,276434	0,388226	0,412055	0,444546	16	17,4	19
48	23	1	4	1002	2,78069	9,352668	17,454119	0,026917	0,10985	0,287683	0,380114	0,421253	0,452403	14	16	18
48	23	15	4	1002	3,072262	6,308648	11,457061	0,020258	0,175109	0,349916	0,382461	0,427515	0,46434	15	16	17
48	23	29	4	1002	2,089912	6,486351	15,886844	0,026171	0,235768	0,843574	0,379451	0,42677	0,492603	14	15,8	17
48	34	1	4	1002	2,44436	7,714377	14,970407	0,060492	0,261107	0,443246	0,411387	0,441478	0,52714	13	15,2	17
48	34	15	4	1002	1,783147	5,659	9,136893	0,09906	0,201158	0,537169	0,394143	0,449395	0,554739	13	15,4	18
48	34	29	4	1002	2,631045	6,874119	14,189505	0,069607	0,240302	0,754403	0,388226	0,446975	0,543516	14	15,4	17
48	45	1	4	1002	2,312501	7,606081	11,008946	0,045183	0,087417	0,180432	0,392256	0,461665	0,56984	9	13,6	18
48	45	15	4	1002	3,495701	7,579527	11,979441	0,033239	0,055087	0,090301	0,38996	0,44371	0,542139	14	16	19
48	45	29	4	1002	3,531986	7,089927	23,996628	0,021702	0,140712	0,301323	0,384655	0,438386	0,514029	13	15	18
3	1	1	16	2	47,935886	270,632172	1002,658203	0,000736	0,007779	0,02626	0,458219	0,501977	0,654525	0	0	0
3	1	15	16	2	41,729031	184,918915	1613,467651	0,000567	0,01176	0,039002	0,457912	0,48344	0,598153	0	0,2	1
3	1	29	16	2	52,282322	184,22171	496,384857	0,001707	0,00687	0,015858	0,457912	0,489478	0,536272	0	0	0
3	2	1	16	2	12,144938	196,571823	1683,977905	0,0033	0,010176	0,03642	0,455311	0,518442	0,64876	0	0	0
3	2	15	16	2	12,144938	155,768433	1683,977905	0,00128	0,009583	0,03642	0,455056	0,524212	0,64876	0	0	0
3	2	29	16	2	12,144938	165,362289	1683,977905	0,002147	0,010254	0,03642	0,455056	0,524323	0,64876	0	0	0
3	3	1	16	2	44,178333	98,008057	277,400299	0,004108	0,01773	0,041129	0,460157	0,540155	0,637945	0	0	0
3	3	15	16	2	14,547297	96,022919	216,952057	0,002905	0,020528	0,087261	0,457555	0,540286	0,637945	0	0	0
3	3	29	16	2	44,178333	93,584396	277,400299	0,004108	0,016756	0,041129	0,459341	0,52963	0,637945	0	0	0
18	1	1	16	2	17,269058	24,530087	38,892689	0,003198	0,00808	0,016678	0,382053	0,388433	0,396745	0	0	0
18	1	15	16	2	18,132246	26,968145	40,060165	0,003198	0,007768	0,01451	0,382053	0,38806	0,393021	0	0	0
18	1	29	16	2	17,174911	28,660534	49,415798	0,001504	0,006615	0,012596	0,381849	0,390097	0,40001	0	0	0
18	5	1	16	2	12,787202	28,790115	77,186333	0,007368	0,053472	0,398484	0,387154	0,419092	0,472707	0	0	0
18	5	15	16	2	12,5506	28,436361	55,993652	0,001536	0,03065	0,094297	0,388277	0,411827	0,431997	0	0	0
18	5	29	16	2	11,553703	25,156368	83,655197	0,002646	0,045909	0,183848	0,385369	0,417366	0,465871	0	0	0
18	9	1	16	2	11,909775	19,823042	33,134773	0,009773	0,05932	0,178448	0,390011	0,426771	0,457912	0	0	0
18	9	15	16	2	11,320173	32,541512	87,65847	0,002529	0,051775	0,322734	0,384042	0,406406	0,451689	0	0	0
18	9	29	16	2	10,56102	22,799725	50,341488	0,004861	0,052179	0,210025	0,385012	0,421845	0,480512	0	0	0
18	13	1	16	2	11,522546	26,368774	47,51741	0,004737	0,017617	0,028447	0,386899	0,439059	0,497347	0	0	0
18	13	15	16	2	10,950242	27,377588	71,273224	0,004737	0,027126	0,08289	0,386899	0,445493	0,531884	0	0	0
18	13	29	16	2	10,841485	27,290091	71,273224	0,004737	0,026048	0,05575	0,386899	0,446249	0,531884	1	0,2	1
18	17	1	16	2	6,541552	19,45422	41,37088	0,018965	0,087696	0,380463	0,392715	0,484415	0,53617	0	0	0
18	17	15	16	2	8,908673	20,789734	40,749073	0,016006	0,087669	0,270433	0,396694	0,472069	0,53617	0	0	0
18	17	29	16	2	8,908673	21,269575	41,37088	0,016006	0,068429	0,133901	0,396694	0,475592	0,526528	0	0	0
33	1	1	16	2	9,672655	12,515075	20,475449	0,007098	0,015488	0,036601	0,376135	0,380207	0,385828	0	0	0
33	1	15	16	2	10,537888	13,363062	19,822544	0,005181	0,013026	0,025181	0,375829	0,379746	0,385828	0	0,2	1
33	1	29	16	2	9,599286	12,98831	16,476904	0,00359	0,013591	0,030381	0,376237	0,38014	0,388328	0	0	0
33	9	1	16	2	6,157953	12,562922	22,544312	0,014473	0,084107	0,303722	0,379757	0,401808	0,420314	0	0	0
33	9	15	16	2	6,838084	12,794099	20,838541	0,009233	0,062341	0,160421	0,379757	0,399083	0,417559	0	0,2	1
33	9	29	16	2	6,144085	13,854739	29,669943	0,010988	0,064959	0,169629	0,382563	0,3988	0,423681	1	0,2	1
33	17	1	16	2	4,186067	9,729463	24,55566	0,006936	0,131199	0,538788	0,386746	0,432655	0,483216	0	0	0
33	17	15	16	2	4,186067	10,101791	19,081532	0,020022	0,116559	0,264243	0,389807	0,435695	0,498776	0	0	0
33	17	29	16	2	4,106572	10,209188	23,854082	0,010847	0,20209	0,904839	0,378125	0,434667	0,519743	0	0,2	1
33	25	1	16	2	4,087132	8,259301	19,825979	0,043588	0,238027	0,809185	0,399041	0,445321	0,529538	0	0	0
33	25	15	16	2	3,636144	11,53266	40,360291	0,00806	0,064415	0,168115	0,380063	0,429558	0,497296	0	0	0
33	25	29	16	2	3,873564	8,377195	22,458458	0,033617	0,085019	0,168115	0,403632	0,44169	0,497296	1	0,2	1
33	33	1	16	2	3,26984	12,686407	27,349314	0,005101	0,238553	0,828113	0,374707	0,474435	0,603306	0	0	0
33	33	15	16	2	4,652467	10,866378	24,213711	0,005101	0,203793	0,828113	0,374707	0,448788	0,603306	0	0	0
33	33	29	16	2	3,979619	11,168158	24,213711	0,005101	0,283165	0,828113	0,374707	0,477279	0,535251	0	0	0
48	1	1	16	2	6,983364	8,527492	12,433042	0,003624	0,016057	0,032025	0,372564	0,374884	0,379757	0	0,2	1
48	1	15	16	2	6,971684	8,953853	19,293331	0,002685	0,01718	0,040229	0,372666	0,375261	0,378839	0	0,2	1
48	1	29	16	2	6,763043	8,943986	16,804138	0,003141	0,016624	0,035056	0,372564	0,376089	0,381186	0	0,2	1
48	12	1	16	2	3,922996	7,841744	30,155645	0,010578	0,120915	0,420787	0,375217	0,402982	0,425416	0	0,2	1
48	12	15	16	2	2,490516	7,04335	12,872064	0,007835	0,109348	0,74687	0,373227	0,401219	0,444649	0	0,2	1
48	12	29	16	2	4,191897	7,621694	19,462303	0,016169	0,079751	0,253278	0,379706	0,40531	0,466993	0	0,2	1
48	23	1	16	2	2,938566	8,62595	44,470222	0,021088	0,142199	1,04445	0,373584	0,411652	0,46332	0	0,2	1
48	23	15	16	2	3,266433	8,510521	37,399532	0,011297	0,087301	0,331963	0,372564	0,414073	0,46332	0	0,2	1
48	23	29	16	2	3,018851	7,784297	17,938061	0,017646	0,085567	0,222008	0,372564	0,413231	0,45878	0	0,2	1
48	34	1	16	2	2,032627	5,971545	17,921032	0,006545	0,174589	0,744657	0,374911	0,435109	0,540353	0	0,2	1
48	34	15	16	2	2,34105	6,674553	12,317994	0,023065	0,166368	0,490068	0,375982	0,432167	0,539996	0	0,2	1
48	34	29	16	2	2,537323	5,692902	13,941056	0	0	0	0,425773	0,461455	0,501275	0	0	0
48	45	1	16	2	2,60336	5,885476	15,131491	0,043046	0,24744	0,632263	0,386695	0,461924	0,531782	0	0,2	1
48	45	15	16	2	1,838261	5,531135	15,131491	0,014751	0,23556	0,659129	0,380675	0,465377	0,544383	0	0,2	1
48	45	29	16	2	1,838261	5,560927	11,192251	0,079209	0,34194	0,659129	0,390113	0,434238	0,531884	0	0	0
3	1	1	16	502	41,358353	119,29763	420,684296	0,002051	0,013918	0,03754	0,454545	0,48538	0,534486	1	0,4	1
3	1	15	16	502	42,252087	161,657623	2174,618896	0,000344	0,010827	0,030675	0,456127	0,49813	0,643302	0	0,2	1
3	1	29	16	502	40,951115	160,876999	756,947327	0,000708	0,010619	0,037976	0,454341	0,489676	0,612693	0	0,2	1
3	2	1	16	502	17,668491	86,342476	433,374481	0,001887	0,008848	0,020264	0,458117	0,553305	0,637945	1	0,4	1
3	2	15	16	502	15,219205	145,722046	1510,795532	0,018129	0,02317	0,035432	0,459545	0,586369	0,637945	0	0,2	1
3	2	29	16	502	20,475628	114,685913	611,338684	0,001691	0,017514	0,037027	0,460871	0,575074	0,637945	0	0,4	1
3	3	1	16	502	15,079019	110,338142	650,823669	0,001936	0,021862	0,062174	0,462912	0,560128	0,665748	1	0,4	1
3	3	15	16	502	30,918346	106,423218	615,992981	0,002783	0,012987	0,025973	0,457606	0,583617	0,637945	0	0,2	1
3	3	29	16	502	19,334007	77,096596	412,78186	0,00202	0,016232	0,027747	0,455311	0,592723	0,637945	0	0,4	1
18	1	1	16	502	14,568522	23,854958	39,192078	0,002555	0,011212	0,02468	0,382869	0,391332	0,407101	3	3,6	5
18	1	15	16	502	14,523388	26,864614	71,602089	0,001439	0,008902	0,029567	0,381645	0,392173	0,418682	2	2,8	3
18	1	29	16	502	17,466805	25,483568	65,534691	0,001837	0,009306	0,020958	0,381288	0,390277	0,409754	3	3	3
18	5	1	16	502	8,115417	26,392696	132,058014	0,004952	0,085565	0,27441	0,389654	0,432879	0,512805	2	2,4	3
18	5	15	16	502	11,638341	24,728296	123,689865	0,002887	0,04548	0,294894	0,386593	0,412801	0,438629	2	2,8	3
18	5	29	16	502	5,486123	25,160862	68,44339	0,007681	0,054608	0,258952	0,385879	0,437434	0,493572	2	2,6	3
18	9	1	16	502	6,459033	18,102692	94,431557	0,007224	0,205397	0,767329	0,383991	0,461778	0,55224	2	2,4	3
18	9	15	16	502	3,879785	23,857229	109,107452	0,004654	0,132525	0,985211	0,383583	0,433305	0,503061	2	3	4
18	9	29	16	502	4,665136	18,490305	65,291809	0,00756	0,072255	0,207723	0,389705	0,453987	0,612693	2	2,4	3
18	13	1	16	502	1,765803	17,668367	61,682735	0,004969	0,049694	0,303338	0,385573	0,461395	0,573666	2	2,2	3
18	13	15	16	502	5,284144	28,349981	92,507545	0,004448	0,080783	1,081534	0,385624	0,452721	0,594837	2	2,4	3
18	13	29	16	502	1,673262	17,33202	55,934929	0,011099	0,136257	0,572892	0,400163	0,485875	0,627538	2	2,4	3
18	17	1	16	502	1,198181	14,866742	67,035217	0,004859	0,090215	0,300129	0,385522	0,503654	0,64876	2	2	2
18	17	15	16	502	1,92394	14,006558	41,264736	0,012851	0,041656	0,132982	0,397561	0,506307	0,637945	2	2	2
18	17	29	16	502	1,76655	19,61541	56,169796	0,008526	0,09446	0,237293	0,384451	0,497278	0,637945	2	2,2	3
33	1	1	16	502	9,293041	13,703272	29,722187	0,002369	0,011809	0,035084	0,37338	0,379118	0,387358	13	13,6	14
33	1	15	16	502	9,78075	12,786411	23,8738	0,002602	0,014165	0,034985	0,375931	0,378852	0,385981	13	13,8	14
33	1	29	16	502	9,425912	12,930005	21,803925	0,003763	0,013018	0,045268	0,375574	0,378806	0,388175	13	14	15
33	9	1	16	502	5,0533	9,777839	23,759035	0,01433	0,231316	1,104923	0,379502	0,435632	0,506275	12	12,2	13
33	9	15	16	502	3,847412	13,012561	43,707035	0,006125	0,065719	0,237428	0,378941	0,409303	0,457351	12	12,8	14
33	9	29	16	502	6,522376	14,60027	55,417355	0,004198	0,108641	0,592377	0,378176	0,409537	0,44873	12	12,6	13
33	17	1	16	502	3,871941	11,672616	42,169594	0,012666	0,142016	0,893404	0,378431	0,430529	0,496174	11	11,4	13
33	17	15	16	502	2,735935	13,573344	44,624115	0,01202	0,096494	0,428654	0,378635	0,430231	0,500204	11	11,4	12
33	17	29	16	502	5,171474	10,870625	22,172489	0,057106	0,127399	0,15657	0,39195	0,443999	0,560963	11	11,4	12
33	25	1	16	502	1,822703	7,682333	20,104753	0,030332	0,162402	0,64329	0,384144	0,486359	0,632691	7	9,8	12
33	25	15	16	502	2,157289	7,589489	25,350077	0,014868	0,504477	2,367902	0,39598	0,485154	0,539996	7	9,2	10
33	25	29	16	502	1,880686	9,290387	35,53619	0,033941	0,17765	0,508018	0,38945	0,447316	0,593613	9	10,4	12
33	33	1	16	502	1,025212	7,630801	21,473351	0,026155	0,199355	0,668522	0,384042	0,502507	0,573666	7	8,2	10
33	33	15	16	502	2,301553	10,314203	40,085918	0,02325	0,061966	0,148313	0,405214	0,471107	0,64876	7	9,2	11
33	33	29	16	502	2,383488	9,538868	36,250286	0,009819	0,095525	0,417782	0,376441	0,470338	0,637945	7	9,8	12
48	1	1	16	502	5,577894	7,866398	10,500843	0,00567	0,016557	0,045947	0,37185	0,374216	0,378584	40	40,2	41
48	1	15	16	502	6,930624	9,045317	15,258404	0,003493	0,014899	0,037002	0,371442	0,375146	0,378278	39	39,8	41
48	1	29	16	502	6,103834	7,88588	10,049767	0,00999	0,023291	0,049679	0,373176	0,375364	0,379094	39	39,6	40
48	12	1	16	502	3,128949	7,857471	21,439545	0,007438	0,143706	0,810548	0,374605	0,411944	0,473931	33	35	36
48	12	15	16	502	2,203224	8,760267	43,881176	0,013512	0,161495	0,959896	0,374707	0,413799	0,539741	32	34,6	38
48	12	29	16	502	2,792386	8,263963	34,012501	0,002748	0,118539	0,371664	0,372972	0,40655	0,434292	36	36,6	37
48	23	1	16	502	1,960723	7,423417	33,25087	0,009669	0,071948	0,203689	0,372921	0,426898	0,580247	28	32	37
48	23	15	16	502	1,927763	5,954451	19,320889	0,031756	0,209063	0,761264	0,374146	0,44576	0,56984	30	31,8	34
48	23	29	16	502	0,640983	6,970482	19,381739	0,014819	0,112546	0,609483	0,376441	0,435267	0,632691	29	31,8	37
48	34	1	16	502	3,106879	6,038674	19,25437	0,002333	0,176868	0,496686	0,374962	0,448653	0,538312	26	29,2	32
48	34	15	16	502	1,521624	6,091319	17,076666	0,034975	0,188045	0,508026	0,384093	0,458655	0,604224	25	29,8	36
48	34	29	16	502	2,645903	6,699957	15,493471	0,050421	0,311344	1,175917	0,378482	0,441804	0,563055	30	31,6	34
48	45	1	16	502	1,522719	4,244923	11,430905	0,031342	0,156841	0,422859	0,374758	0,474234	0,594327	20	25,2	31
48	45	15	16	502	1,232017	5,988292	20,414743	0,064772	0,267596	0,523633	0,387256	0,47862	0,581624	22	26,2	30
48	45	29	16	502	1,812866	6,289494	22,503923	0,026806	0,247129	0,651751	0,388889	0,462048	0,612489	23	28,2	31
3	1	1	16	1002	46,655476	150,862503	862,080261	0,001026	0,013104	0,035881	0,454494	0,499343	0,627538	1	0,6	1
3	1	15	16	1002	49,974445	212,897415	1607,522827	0,000462	0,009372	0,034059	0,456127	0,476613	0,627538	1	0,6	1
3	1	29	16	1002	44,088898	142,397079	3202,037842	0,00023	0,013964	0,036348	0,454903	0,495245	0,633303	1	0,6	1
3	2	1	16	1002	16,439037	123,09449	593,024841	0,002137	0,021759	0,055458	0,464544	0,571602	0,643302	0	0,4	1
3	2	15	16	1002	17,327749	75,727501	317,056976	0,004549	0,023631	0,045788	0,45628	0,555465	0,637945	0	0,6	1
3	2	29	16	1002	10,339817	114,195442	825,595703	0,001044	0,016564	0,033421	0,462504	0,581147	0,637945	1	2,8	10
3	3	1	16	1002	17,055775	144,639099	620,830688	0,001554	0,012614	0,032403	0,455056	0,587182	0,637945	0	0,4	1
3	3	15	16	1002	19,839012	117,297058	555,295105	0,001464	0,009951	0,03076	0,459953	0,576531	0,637945	1	0,8	1
3	3	29	16	1002	13,414583	105,228676	432,559082	0,001364	0,015163	0,036031	0,454545	0,584216	0,637945	0	0,6	1
18	1	1	16	1002	16,582363	24,724514	54,245377	0,001308	0,008521	0,034177	0,382053	0,389143	0,403173	5	5,8	6
18	1	15	16	1002	16,220455	24,051777	40,526123	0,001809	0,008193	0,02512	0,382359	0,389774	0,430466	5	5,6	6
18	1	29	16	1002	13,930874	27,245525	82,658417	0,001788	0,00949	0,037634	0,38292	0,393448	0,422508	5	5,8	6
18	5	1	16	1002	5,528153	24,611689	72,530029	0,002334	0,060561	0,235211	0,383022	0,418752	0,465055	5	5,2	6
18	5	15	16	1002	9,709123	36,514397	203,262314	0,004661	0,038304	0,087252	0,389756	0,435616	0,585757	4	5	6
18	5	29	16	1002	2,397572	16,168255	49,107891	0,007066	0,125367	0,484546	0,387001	0,437803	0,555556	5	5,4	6
18	9	1	16	1002	4,585705	20,31436	57,260109	0,00485	0,038512	0,166314	0,391899	0,437563	0,528926	4	5,6	9
18	9	15	16	1002	2,371879	13,60224	46,029011	0,027771	0,118626	0,363266	0,41557	0,48206	0,60754	4	4,8	5
18	9	29	16	1002	0,960918	20,390936	56,314678	0,00774	0,099092	0,319498	0,391083	0,468321	0,654321	4	4,8	6
18	13	1	16	1002	4,582624	23,552143	195,383469	0,00319	0,039889	0,148094	0,382818	0,489208	0,585757	4	4,2	5
18	13	15	16	1002	3,388899	19,245144	56,065281	0,008648	0,126788	0,549817	0,403836	0,462598	0,549026	4	4,8	5
18	13	29	16	1002	4,785957	21,128723	75,935509	0,007139	0,115238	0,884945	0,395164	0,449628	0,622487	4	4,8	5
18	17	1	16	1002	3,728748	20,428366	92,58786	0,004106	0,073263	0,281034	0,404857	0,492323	0,637945	4	4,2	5
18	17	15	16	1002	2,42039	18,248814	68,273605	0,001692	0,04465	0,224969	0,386542	0,492682	0,632691	4	4,6	5
18	17	29	16	1002	3,319518	15,079198	95,844627	0,007563	0,054934	0,150217	0,397612	0,468967	0,555556	4	4,6	5
33	1	1	16	1002	9,677825	13,460139	20,581799	0,002365	0,011932	0,031542	0,37537	0,379158	0,38593	27	27,2	28
33	1	15	16	1002	9,506503	12,839157	23,885939	0,002884	0,015135	0,030246	0,373686	0,379075	0,385675	27	27,6	28
33	1	29	16	1002	9,38478	12,770735	18,005939	0,003954	0,012726	0,032322	0,374043	0,379255	0,385318	27	27,4	28
33	9	1	16	1002	5,646605	12,372563	22,956869	0,014797	0,101063	0,395241	0,384298	0,414537	0,443628	24	24,4	25
33	9	15	16	1002	0,895976	10,684392	40,013275	0,010796	0,066985	0,167961	0,377206	0,439793	0,607948	20	23,2	25
33	9	29	16	1002	3,019756	17,322783	45,246174	0,005155	0,080207	0,922002	0,380471	0,461053	0,637945	20	22,2	24
33	17	1	16	1002	4,296967	9,241935	23,657736	0,015518	0,081972	0,340327	0,380114	0,447817	0,589991	18	22	24
33	17	15	16	1002	2,504747	12,404666	59,408958	0,005087	0,100598	0,793831	0,377461	0,433664	0,518416	19	22,2	26
33	17	29	16	1002	4,720765	9,245662	21,849783	0,017722	0,117181	0,864532	0,384144	0,418902	0,476125	23	23,8	25
33	25	1	16	1002	1,528133	11,085299	37,661949	0,006513	0,049963	0,267221	0,376696	0,467891	0,643302	16	20	23
33	25	15	16	1002	1,074734	8,679578	31,594381	0,018191	0,123758	0,447972	0,416692	0,476958	0,577594	16	19,6	23
33	25	29	16	1002	3,903784	11,96551	25,748676	0,022338	0,066303	0,487238	0,385369	0,463549	0,637996	16	19,8	24
33	33	1	16	1002	1,430247	7,952288	35,49995	0,010662	0,065575	0,161938	0,383685	0,510642	0,637945	13	15,4	19
33	33	15	16	1002	0,52416	7,606969	15,804416	0,011632	0,084542	0,298661	0,373635	0,479723	0,637945	15	17,8	20
33	33	29	16	1002	0,402449	10,377036	42,920319	0,006286	0,065363	0,246362	0,375574	0,47237	0,64876	12	18	22
48	1	1	16	1002	6,538213	7,702352	10,524702	0,006428	0,025075	0,054228	0,371646	0,37489	0,378635	80	80	80
48	1	15	16	1002	6,279976	8,533436	13,755322	0,004655	0,012347	0,060599	0,371697	0,376072	0,384961	79	80	81
48	1	29	16	1002	6,688868	8,535284	12,997329	0,003628	0,015449	0,041853	0,371442	0,37438	0,378941	80	80	80
48	12	1	16	1002	3,395687	7,944041	28,277378	0,011816	0,350783	1,364602	0,37435	0,41888	0,47587	61	68,8	73
48	12	15	16	1002	4,331094	7,171574	15,286442	0,00864	0,108185	1,445778	0,37185	0,400404	0,42914	71	72,8	74
48	12	29	16	1002	2,646358	8,116144	22,631367	0,012177	0,111712	0,52798	0,374605	0,410695	0,487756	67	70,2	73
48	23	1	16	1002	2,144188	4,961709	11,257334	0,008178	0,117121	0,449099	0,372513	0,460508	0,598765	54	59,8	70
48	23	15	16	1002	0,74369	5,837264	15,346922	0,017448	0,214647	0,652554	0,372666	0,447524	0,622487	60	65,4	72
48	23	29	16	1002	2,156101	7,431688	23,081867	0,025361	0,35542	1,351598	0,378992	0,43078	0,558923	60	67,8	72
48	34	1	16	1002	2,493115	6,563011	13,597444	0,014564	0,097339	0,452429	0,377359	0,454354	0,56984	46	56,2	70
